1539
3.125092638343569e-17,0.5,0.7363905491754281
-0.11766810097066137,0.484508134559504,0.7363905491754281
-0.12940938820518927,0.4829623663092337,0.7359083851890753
-0.14201699520016128,0.47774013329749565,0.7343176593724484
-0.2499997048903709,0.43301221687883523,0.7343176593724484
-0.26323971046966066,0.422852819349198,0.7308214946311531
-0.35355338454246515,0.35355338454246515,0.7308214946311531
-0.42285281934919794,0.26323971046966066,0.7308214946311531
-0.43301226007070165,0.24999972875956028,0.7228759884437708
-0.4504691083791091,0.20785543800074036,0.6975775186966908
-0.48296251862243667,0.12940943009132008,0.6975775186966908
-0.5020625467798774,0.04716702583349171,0.6000000381320082
-0.5184642193086321,0.04959745002920421,0.5027365025761388
-0.5210091289581111,0.030279762529972432,0.44999999804958773
-0.5211127834012743,0.028068747769868785,0.34995789988736964
-0.5194224455436497,-0.04114760664096193,0.2520993364179283
-0.5192412280123428,-0.043929185521154726,0.1500000059604644
-0.5072315449175979,-0.13414367758837498,0.048495273478205494
-0.4567790167263152,-0.21406371054729795,0.04776210072582022
-0.4330127239227295,-0.24999998509883878,0.024759226920399894
-0.36632463954905925,-0.33690956543436523,0.024109039189765917
-0.3535533845424652,-0.3535533845424652,0.017025037404663355
-0.261596154685368,-0.42411466765767436,0.016797377164279745
-0.24999998509883883,-0.4330127239227295,0.013685723343728542
-0.16637077304834097,-0.46765306613219976,0.013549263401498875
-0.06958902703753984,-0.49083842814086476,-0.012017726387839718
-8.984763864122835e-17,-0.5,-0.01221233121158592
0.11820223508417585,-0.48443837603807993,-0.012990505604844528
0.1294095367193222,-0.48296290636062617,-0.01351133461162581
0.238521350582428,-0.4377673284203279,-0.014278040002479016
0.24999998509883886,-0.4330127239227295,-0.016011426356566293
0.342539902518691,-0.3620043287952604,-0.01595333787290075
0.35355338454246515,-0.35355338454246515,-0.019566957488398658
0.42277206653105487,-0.2633458660703687,-0.019331883221921184
0.4330127239227295,-0.24999998509883878,-0.027355453275446362
0.47383908609713105,-0.15143639473684686,-0.027398760667351862
0.4829629063606262,-0.1294095367193222,-0.052730830344885314
0.4940080936293004,-0.045513034318586464,-0.05275465465790106
0.49405631299864655,-0.04514677195130308,-0.15000000596046462
0.4961542793485584,-0.029211140021255386,-0.1838589570731921
0.49631664250158325,-0.027977869789959767,-0.30000001192092896
0.4961022970000796,-0.029605985044509838,-0.3343166253900482
0.4962166468330861,-0.028737412080920965,-0.44999998807907093
0.4963432882174007,-0.027775475542884415,-0.5678051606935766
0.49386214570248593,-0.0466216185638806,-0.6000000238418579
0.4829625209013128,-0.12940943071801103,-0.69700402082648
0.473889744044997,-0.15131278383559954,-0.7227548349769045
0.4330122605280514,-0.24999972901230613,-0.7227548349769045
0.42282917144571314,-0.26327052932199024,-0.7307768528022032
0.3535533845424652,-0.35355338454246527,-0.7307768528022033
0.26327052932199024,-0.4228291714457132,-0.7307768528022034
0.24999970491983683,-0.43301221693215447,-0.7343035349259768
0.1420283503729549,-0.47773542989501966,-0.7343035349259768
0.12940938820696032,-0.4829623663156738,-0.7359067644860416
0.11767337413263404,-0.4845074403091927,-0.7363966613615319
0.035806912894206414,-0.4952857582316645,-0.7363966613615319
-0.06346657796239578,-0.49164416118173493,-0.7083741207802996
-0.09349750761622781,-0.4876903698193149,-0.7083741207802995
-0.12940941988130875,-0.4829624814951227,-0.7069209116993732
-0.21536691271335057,-0.44735771137980335,-0.7069209116993732
-0.24999977230130307,-0.43301233886052204,-0.7020042996641351
-0.290457453141728,-0.40196811719026626,-0.6913959573082662
-0.3535533845424652,-0.3535533845424652,-0.6913959573082662
-0.4019681171902663,-0.29045745314172794,-0.6913959573082663
-0.4330124701672669,-0.24999984486555682,-0.6672207006497912
-0.4796841870034358,-0.1373250681167455,-0.600000023841858
-0.4829629063606262,-0.1294095367193222,-0.5870076242356973
-0.4894364095816401,-0.08023841220038425,-0.4499999880790709
-0.4901165087447539,-0.07507254767649942,-0.3629825962617296
-0.49012452568555426,-0.07501165298302351,-0.30000001192092896
-0.49015178074518606,-0.07480463031150082,-0.23670686912567426
-0.4850527984707431,-0.11353523471169735,-0.15000000596046437
-0.4829629063606262,-0.12940953671932218,-0.13176049918086588
-0.4769325446457352,-0.1439681226462807,-0.1318908770438276
-0.4330127239227295,-0.2499999850988388,-0.06911838102955455
-0.3903876337225608,-0.30555006928334183,-0.0695341496626625
-0.3535533845424652,-0.3535533845424652,-0.04961798061670737
-0.28437235915273623,-0.4066378666034305,-0.049789348690254594
-0.24999998509883878,-0.43301272392272944,-0.04068210992496573
-0.16223049690722913,-0.4693680240859256,-0.04082532480781834
-0.1294095367193222,-0.4829629063606262,-0.03673861261393486
-0.09881841985230568,-0.4869903044628757,-0.03545849733116795
-9.054875068179196e-17,-0.5,-0.0357348417779422
0.09802326531201136,-0.48709498857429595,-0.036380169634518546
0.12940953671932223,-0.48296290636062617,-0.037838761639607144
0.21907351170017217,-0.44582288433910416,-0.03846881122405813
0.24999998509883886,-0.43301272392272955,-0.04313901192542628
0.32380409282682354,-0.37638082506548276,-0.04309268414790341
0.3535533845424652,-0.3535533845424652,-0.05285368651379934
0.4051073447612267,-0.2863669735167501,-0.052678603587712626
0.43301272392272944,-0.24999998509883872,-0.07454250900012545
0.45813128836144945,-0.18935838579975595,-0.07456915402692457
0.4829629063606262,-0.1294095367193222,-0.14351355003589047
0.4836994615945276,-0.12381484588736737,-0.14351513877513225
0.48370267713338655,-0.12379042145190587,-0.15000000596046445
0.48945520665925457,-0.08009563426200768,-0.24283972953328253
0.4895351157292076,-0.0794886647905012,-0.30000001192092896
0.488926133063755,-0.08411434604074684,-0.3974978487923739
0.4889780299892969,-0.08372014986892923,-0.44999998807907104
0.4890355053551939,-0.08328358124807474,-0.5034650969549825
0.4829629063606263,-0.12940953671932223,-0.5822620594064558
0.4811921586045943,-0.1336845014030329,-0.5946824811669759
0.47867636800724805,-0.13975815922280455,-0.600000023841858
0.4552004822975078,-0.19643326791244886,-0.6666304700108602
0.4330124723953648,-0.2499998460968741,-0.6666304700108601
0.4018524720829268,-0.29060816626892005,-0.6911776458159153
0.3535533845424652,-0.3535533845424652,-0.6911776458159151
0.29060816626892005,-0.40185247208292685,-0.6911776458159152
0.24999977237451468,-0.4330123389930002,-0.7019692057433689
0.16802313153265505,-0.46696818572417076,-0.701969205743369
0.12940941993142585,-0.4829624816773668,-0.7068750484781806
0.09349750761622776,-0.4876903698193149,-0.7083741207802995
0.035836146502916784,-0.4952819094134313,-0.7083741207802995
-0.06346657796239578,-0.49164416118173493,-0.6803515801990669
-0.0693216410998215,-0.49087329932943713,-0.6803515801990668
-0.12940945157203546,-0.48296259673412895,-0.6779200708105765
-0.19205214013361577,-0.4570151376801673,-0.6779200708105766
-0.24999983970669493,-0.43301246083218337,-0.6696935957078831
-0.31769363001617323,-0.38106927011010283,-0.6519437176117611
-0.3535533845424652,-0.3535533845424652,-0.6519437176117611
-0.38106927011010283,-0.31769363001617323,-0.6519437176117612
-0.4330126805346247,-0.24999996112120193,-0.6114936789313076
-0.4409927938155444,-0.23073438566542576,-0.6000000238418581
-0.4659644454358427,-0.170447465404166,-0.5010462430111728
-0.4805323130661474,-0.13527750998596372,-0.44999998807907116
-0.48083540294372396,-0.13454578604718365,-0.4436111132794949
-0.48296290636062617,-0.1294095367193222,-0.3513830011330589
-0.4833386437145682,-0.12655552899177186,-0.3033081227599023
-0.48333906479809524,-0.12655233054576281,-0.30000001192092884
-0.4833404963487235,-0.12654145684232965,-0.29667558924273746
-0.4829629063606262,-0.1294095367193222,-0.29025477001482913
-0.47046780592803744,-0.15957538777675068,-0.18752269452511997
-0.45675747547216056,-0.1926750646229992,-0.15000000596046437
-0.4330127239227296,-0.2499999850988388,-0.1160627699367342
-0.4151276017099698,-0.27330832391767357,-0.11623722288875012
-0.3535533845424652,-0.3535533845424652,-0.08294422668881547
-0.30734005548844523,-0.38901412863126017,-0.08305870156292403
-0.2499999850988388,-0.4330127239227295,-0.06786598571973637
-0.18405597061371654,-0.4603276199072996,-0.0679735876267762
-0.1294095367193222,-0.4829629063606262,-0.061169269700978225
-0.07847576037462352,-0.4896684671638741,-0.05903789588447724
-9.194479821221084e-17,-0.5,-0.05925735234429847
0.07784429553984674,-0.48975160111051197,-0.05976983366419253
0.1294095367193222,-0.48296290636062617,-0.062166188667588475
0.19962567281791638,-0.4538784402578805,-0.06265958244563724
0.24999998509883883,-0.4330127239227295,-0.07026659749428615
0.30506828313495604,-0.39075732133570507,-0.07023203042290603
0.3535533845424652,-0.3535533845424652,-0.08614041553920003
0.3874426229913983,-0.30938808096313153,-0.08602532395350396
0.4330127239227295,-0.2499999850988388,-0.12172956472480433
0.4424234906257678,-0.22728037686266514,-0.12173954738649717
0.45260202510301606,-0.20270721263080668,-0.15000000596046445
0.4686814813200486,-0.16388795832034309,-0.1928870133077148
0.4823068346327841,-0.13099343451444986,-0.30000001192092896
0.4822156061335965,-0.131213679668423,-0.30224414819364037
0.4791274885205843,-0.13866905759551734,-0.44999998807907116
0.46530305959108276,-0.17204419261673665,-0.546967632012452
0.4402128250830622,-0.2326173973899369,-0.6000000238418581
0.4365112205500187,-0.2415537519892982,-0.6105061050448156
0.43301268426267814,-0.249999963181442,-0.6105061050448157
0.3808757727201404,-0.31794580321585,-0.6515784388296271
0.3535533845424652,-0.3535533845424652,-0.6515784388296271
0.31794580321585,-0.38087577272014045,-0.6515784388296271
0.24999983982919263,-0.4330124610538459,-0.6696348765607607
0.1940179126923553,-0.4562009415533218,-0.6696348765607607
0.12940945165589143,-0.4829625970390598,-0.6778433324703197
0.06932164109982139,-0.4908732993294372,-0.6803515801990668
0.03588249274428088,-0.49527580759204587,-0.6803515801990669
-0.06345584272965846,-0.49164566499197604,-0.6515881056039037
-0.12940948326276216,-0.4829627119731352,-0.6489192299217797
-0.16873736755388088,-0.46667256398053125,-0.6489192299217795
-0.24999990711208672,-0.43301258280384475,-0.6373828917516309
-0.34492980689061853,-0.3601704230299394,-0.6124914779152559
-0.3535533845424652,-0.3535533845424652,-0.612491477915256
-0.3601704230299394,-0.34492980689061853,-0.6124914779152562
-0.3762111672887854,-0.3240251950868735,-0.6000000238418579
-0.4330127239227295,-0.2499999850988388,-0.5364610003658699
-0.4576874543971121,-0.19042989613571987,-0.44999998807907093
-0.46083925015772487,-0.1828207855094373,-0.383562835280038
-0.46276686407158496,-0.1781671122928484,-0.300000011920929
-0.45480666862409297,-0.19738473055470596,-0.2345529669742758
-0.4330127239227295,-0.24999998509883883,-0.17490689190290132
-0.42699093505549307,-0.2578477310378014,-0.16136768624856007
-0.4159349614277309,-0.27225615253039454,-0.15000000596046453
-0.3535533845424652,-0.3535533845424652,-0.11627047276092356
-0.3303077518241544,-0.37139039065908985,-0.11632805443559352
-0.2499999850988388,-0.4330127239227295,-0.09504986151450703
-0.20588144432020394,-0.45128721572867353,-0.09512185044573387
-0.1294095367193222,-0.4829629063606262,-0.08559992678802159
-0.05813310089694134,-0.49234662986487243,-0.08261729443778675
-9.341794005316289e-17,-0.5,-0.08277986291065476
0.05766532576768218,-0.49240821364672804,-0.08315949769386677
0.12940953671932223,-0.4829629063606263,-0.08649361569556961
0.1801778339356605,-0.4619339961766567,-0.08685035366721629
0.24999998509883878,-0.43301272392272944,-0.09739418306314623
0.28633247344308854,-0.4051338176059275,-0.09737137669790871
0.35355338454246515,-0.3535533845424652,-0.11942714456460075
0.36977790122157,-0.332409188409513,-0.1193720443192953
0.4088690364245042,-0.28146464280988437,-0.15000000596046448
0.43301272392272944,-0.2499999850988388,-0.18496103077070586
0.45330112460768907,-0.2010194365584122,-0.23907410384329741
0.4610512299562902,-0.1823090208329386,-0.30000001192092884
0.45800435372581133,-0.18966483322155508,-0.3749503347714737
0.4564358055289389,-0.1934516448233124,-0.44999998807907093
0.4494139605775713,-0.2104038838304404,-0.49925278285792823
0.4330127239227295,-0.2499999850988388,-0.5339195297346198
0.4157122833814229,-0.2725463521325622,-0.5673409718015574
0.375105389881638,-0.3254662718744628,-0.6000000238418579
0.35989907335735405,-0.3452834401627798,-0.611979231843339
0.3535533845424652,-0.3535533845424652,-0.6119792318433392
0.3452834401627799,-0.3598990733573541,-0.6119792318433391
0.24999990728387053,-0.4330125831146916,-0.6373005473781527
0.22001269385205546,-0.44543369738247296,-0.6373005473781527
0.12940948338035702,-0.48296271240075284,-0.6488116164624586
0.045145774583415045,-0.49405622883955935,-0.6523290396178343
0.03596717545499591,-0.495264658494298,-0.6523290396178345
-0.06343453441065174,-0.49164858969381775,-0.6225881282585377
-0.12940951495348887,-0.48296282721214145,-0.6199183890329828
-0.14542259497414603,-0.4763299902808952,-0.6199183890329828
-0.24999997451747855,-0.43301270477550613,-0.6050721877953789
-0.26934399486655103,-0.41816953919517685,-0.6000000238418579
-0.35355338454246515,-0.3535533845424652,-0.5612451057192405
-0.4246762816240153,-0.26086424531079705,-0.4657371770954212
-0.4330127239227295,-0.2499999850988388,-0.4564119150020286
-0.43484259572807693,-0.24558228228547596,-0.44999998807907116
-0.440843097371726,-0.23109578497169092,-0.323514557280581
-0.44138552716276547,-0.2297862431737767,-0.30000001192092896
-0.4391455313201485,-0.23519407333266118,-0.2815832394234316
-0.4330127239227295,-0.2499999850988388,-0.26479885754868776
-0.4052575702650958,-0.28617119588091633,-0.20239502014696187
-0.3542992497994185,-0.35258135427532716,-0.15000000596046453
-0.3535533845424652,-0.3535533845424652,-0.14959671883303163
-0.3532754481598634,-0.3537666526869195,-0.1495974073082629
-0.24999998509883883,-0.4330127239227295,-0.12223373730927745
-0.22770691802669135,-0.4422468115500476,-0.12227011326469152
-0.12940953671932223,-0.4829629063606263,-0.11003058387506494
-0.03779044141925921,-0.49502479256587084,-0.10619669299109603
-8.960848395019614e-17,-0.5,-0.10630237347701126
0.03748635599551764,-0.4950648261829441,-0.10654916172354076
0.1294095367193222,-0.4829629063606262,-0.11082104272355092
0.16072999505340474,-0.46998955209543297,-0.1110411248887952
0.24999998509883886,-0.43301272392272955,-0.12452176863200612
0.26759666375122104,-0.4195103138761499,-0.12451072297291141
0.3452821397704308,-0.35990013558076506,-0.15000000596046445
0.3535533845424652,-0.3535533845424652,-0.15508603815906274
0.36972326727957217,-0.33248038872986574,-0.18052483193892555
0.4330127239227295,-0.2499999850988388,-0.27217049559700435
0.4379207678953295,-0.23815091479648123,-0.2852611943788797
0.4397956252797963,-0.2336246071514272,-0.300000011920929
0.4337931013180262,-0.24811598677468708,-0.447656521349307
0.4337441225372937,-0.24823423205110737,-0.4499999880790711
0.43352486156405984,-0.2487635750441441,-0.4515379337034044
0.4330127239227295,-0.2499999850988388,-0.45262042195423896
0.39442747915563714,-0.30028524162324965,-0.5271604037277083
0.3535533845424652,-0.3535533845424652,-0.5600343585668989
0.33578992577034333,-0.3671837695102688,-0.5742691500568826
0.2686876508323119,-0.41867316982098957,-0.6000000238418579
0.24999997473854846,-0.43301270517553736,-0.6049662181955449
0.24600747501175566,-0.4346664532116241,-0.6049662181955449
0.12940951510482254,-0.48296282776244576,-0.6197799004545976
0.03597374030862448,-0.4952638683702367,-0.623680193504843
-0.06338391898287475,-0.49165534634990715,-0.5907591861824503
-0.1294095367193222,-0.4829629063606262,-0.5869078732036414
-0.1434356751969013,-0.4771530915264583,-0.5825531920112862
-0.2499999850988388,-0.4330127239227295,-0.5607584102357068
-0.29837390267719455,-0.39589410150508486,-0.5299290323946904
-0.3535533845424652,-0.3535533845424652,-0.504534283543439
-0.3941640138338197,-0.30062859622350796,-0.449999988079071
-0.4022211828671445,-0.29012829191944367,-0.35812697925080567
-0.4086880680400143,-0.2817004853370423,-0.300000011920929
-0.3835242054746986,-0.3144946607240312,-0.24342235404536378
-0.35355338454246527,-0.35355338454246527,-0.21260655058922318
-0.25219804157050574,-0.4313260954190051,-0.15000000596046462
-0.24999998509883886,-0.4330127239227295,-0.14941761310404808
-0.24953239173317882,-0.43320640737142163,-0.1494183760836492
-0.1294095367193222,-0.4829629063606262,-0.1344612409621085
-0.01744778194157707,-0.49770295526686914,-0.12977609154440534
-9.126513228931075e-17,-0.5,-0.12982488404336753
0.017307386223353052,-0.49772143871916014,-0.12993882575321475
0.1294095367193222,-0.4829629063606262,-0.13514846975153225
0.1412821561711489,-0.4780451080142093,-0.13523189611037426
0.23907785824742225,-0.43753681547533013,-0.15000000596046456
0.2499999850988388,-0.4330127239227295,-0.15312024625151066
0.25454979458689314,-0.42952153137695825,-0.15659053272244364
0.3535533845424652,-0.3535533845424652,-0.2174683643147754
0.4060136967506698,-0.2851857929238663,-0.300000011920929
0.39922434768586834,-0.29403384251945874,-0.3637842778043466
0.39228510609463635,-0.3030772358063548,-0.44999998807907104
0.3731426749298513,-0.32802413111393713,-0.4869798356538592
0.3535533845424652,-0.3535533845424652,-0.5027349845720493
0.3103221883856828,-0.3867258569643542,-0.537378410216169
0.2499999850988388,-0.43301272392272955,-0.5605094143533431
0.22516522267990652,-0.4432996158805688,-0.5691085618640707
0.1294095367193222,-0.48296290636062617,-0.5866556807718157
0.11883193443621404,-0.4843554745217211,-0.5877394071904588
0.035742083855577124,-0.49529446403293625,-0.5925661455171723
-0.06330650546912907,-0.4916655380352811,-0.5489597498192469
-0.1294095367193222,-0.4829629063606262,-0.5451039212648107
-0.18822190131108307,-0.45860203549200484,-0.5268445052198982
-0.24999998509883875,-0.4330127239227295,-0.5142095071055519
-0.35075018502666355,-0.355704355759957,-0.44999998807907104
-0.3514853097677553,-0.3551402745554472,-0.4470043243097846
-0.3535533845424652,-0.3535533845424652,-0.4362077803439686
-0.3687071081669196,-0.3338046727134917,-0.300000011920929
-0.36179084068430134,-0.3428181255671461,-0.2844496879437657
-0.3535533845424652,-0.3535533845424652,-0.275979989031635
-0.3246426650941882,-0.3757373657609557,-0.25812202324201866
-0.24999998509883878,-0.4330127239227295,-0.20128906431304838
-0.21917075725949595,-0.4457826039230781,-0.1883478554112294
-0.12940953671932218,-0.4829629063606262,-0.16699102577015149
-0.11615323313106093,-0.48470813234064825,-0.16536553208521748
-9.182228247040088e-17,-0.5,-0.1564074738974305
0.006144480549988012,-0.4991910635556751,-0.15712214040656164
0.1294095367193222,-0.4829629063606262,-0.1680090548335726
0.15027149019175365,-0.4743216051965461,-0.1759497655580346
0.2499999850988388,-0.4330127239227295,-0.20444026674042393
0.3293825941048132,-0.37210028933548644,-0.26498794346932114
0.3535533845424652,-0.3535533845424652,-0.2798506904704879
0.3663610737711824,-0.3368620834443769,-0.300000011920929
0.3535533845424652,-0.3535533845424652,-0.42032510455049404
0.34785754195622587,-0.3579239594492112,-0.44999998807907104
0.28485445100102236,-0.4062679444184395,-0.500487670375455
0.2499999850988388,-0.4330127239227295,-0.5138528783926204
0.1958239691291882,-0.4554531569570768,-0.5326115661146102
0.1294095367193222,-0.4829629063606262,-0.5447819341820064
0.08564005416111714,-0.4887252697211291,-0.5492663289729143
0.03578482864686447,-0.4952888365727799,-0.552162448367702
-0.06324695374829373,-0.4916733781703283,-0.507814620534796
-0.08098936704178858,-0.4893375444726514,-0.5061243462013253
-0.1294095367193222,-0.4829629063606262,-0.5032999693259798
-0.2330081274252648,-0.44005097945755145,-0.4711358184285105
-0.24999998509883878,-0.4330127239227295,-0.4676606039753972
-0.27771099445353525,-0.4117493128834502,-0.449999988079071
-0.2976002734947273,-0.39648772821453543,-0.36895035215955096
-0.3108076905910347,-0.3863533179196469,-0.30000001192092907
-0.24999998509883883,-0.4330127239227295,-0.2537010067268737
-0.18766657749720678,-0.4588320580699783,-0.2275352638305981
-0.1294095367193222,-0.4829629063606262,-0.21367420347737162
-0.07973126534553417,-0.48950317675100063,-0.20758263233471663
-9.318647294154729e-17,-0.5,-0.20143353691052568
0.049322498941681045,-0.49350656795240755,-0.20717025262693375
0.1294095367193222,-0.4829629063606262,-0.21424363379507444
0.20383032286017955,-0.452136817770189,-0.24257050814135867
0.2499999850988388,-0.43301272392272944,-0.25576028722933714
0.30800162872009607,-0.38850648550007305,-0.30000001192092896
0.28650332740400514,-0.40500271671558613,-0.3971238825635948
0.2763542067410882,-0.41279041299111974,-0.44999998807907104
0.25938671361636184,-0.4258100318725249,-0.46359693053474127
0.2499999850988388,-0.4330127239227295,-0.46719634243189784
0.16648271557846983,-0.4676066980335847,-0.49611457036514983
0.1294095367193222,-0.4829629063606262,-0.5029081875921971
0.05244817388602026,-0.4930950649205371,-0.5107932507553701
0.03590014810584394,-0.4952736544736016,-0.5117545353130684
-0.06324695374829371,-0.4916733781703282,-0.4674134064554111
-0.1189660116618472,-0.4843378229150008,-0.4621051943244845
-0.1294095367193222,-0.4829629063606262,-0.4614960173871492
-0.16643748248501636,-0.46762543418806957,-0.44999998807907116
-0.19908198367196958,-0.45410364360022215,-0.3866641343469942
-0.23543742485074626,-0.4390447318547826,-0.3000000119209289
-0.15616239773491772,-0.47188151221687846,-0.2667226722499669
-0.1294095367193222,-0.4829629063606262,-0.260357381184592
-0.04330929756000743,-0.494298221161353,-0.24979973258421556
-8.962969608403818e-17,-0.5,-0.2464595999236211
0.0925005173333741,-0.48782207234914005,-0.25721836484730587
0.12940953671932223,-0.4829629063606262,-0.2604782127565763
0.23324179606275447,-0.43995419077130415,-0.30000001192092896
0.19876722604558658,-0.45423402043414907,-0.3862726138154141
0.16491752661816192,-0.4682550203109106,-0.449999988079071
0.1371414620277515,-0.4797602391100927,-0.45961757461568936
0.1294095367193222,-0.4829629063606262,-0.46103444100238783
0.03680368491541711,-0.5033031191227514,-0.47061364655849924
-0.00633508639472316,-0.5236065891494125,-0.2920168374110949
-0.00040811394544834704,-0.5246223867930596,-0.2914856629367162
0.07506970947343108,-0.5151060605889729,-0.30000001192092896
0.000666554859626339,-0.5247572323015615,-0.3465799394592278
-0.015384906102267988,-0.522815640076718,-0.3385094448548831
-0.030535368317858864,-0.5209993039107617,-0.3310302522527078
-0.07676188900934555,-0.5149087665088314,-0.30000001192092896
-0.0431822710266174,-0.5193226316683077,-0.2960084256446074
-0.015786393910165158,-0.5229270904796407,-0.4531470765471394
-0.013968026591989084,-0.523164205271805,-0.4934624858711153
-0.014839390465727754,-0.5230494880084007,-0.5341416467387041
-0.01732085536655396,-0.5227227965184742,-0.5749817798384603
-0.01615851337149947,-0.5228945008693133,-0.6059483845835322
-0.016030994598078132,-0.5229299539302822,-0.634328166772035
-0.01589415543658145,-0.5229666697325562,-0.6626158761011621
-0.015917143149969615,-0.5229636432320888,-0.6906613243645086
-0.015931643005805966,-0.5229617342200994,-0.7186983143206128
-0.06626102755525756,-0.5163168029979124,-0.7363966998477752
-0.12130370774907069,-0.5090513319582101,-0.7363967056593451
-0.13162738008673572,-0.49086225008087453,-0.7359217702085793
-0.23868168529308542,-0.43770028507943953,-0.7359217525881703
-0.24999970489591125,-0.43301221688886055,-0.7343150036203873
-0.2632212762672827,-0.42286696427042975,-0.7308481970047713
-0.35355338454246515,-0.35355338454246515,-0.730848197004771
-0.4228669642704297,-0.2632212762672827,-0.7308481970047711
-0.4330122597999089,-0.24999972860991168,-0.7229477223682746
-0.4503236343513143,-0.20820663859692465,-0.698014371021763
-0.4829625168865412,-0.1294094296139488,-0.6980143710217632
-0.4942027679503722,-0.044034336470567,-0.6000000238418579
-0.4943162436023174,-0.043172403569451935,-0.5000416020400948
-0.49668067056601667,-0.025212802920673634,-0.44999998807907093
-0.4968943737749396,-0.023589566361227037,-0.4226570697635568
-0.49690998657301333,-0.023470975420284316,-0.300000011920929
-0.4969630651416486,-0.02306780378067207,-0.17673814900861134
-0.4953906715331491,-0.035011315551135416,-0.15000000596046453
-0.48296290636062617,-0.1294095367193222,-0.041536843665065375
-0.4471027205954181,-0.21598371261499077,-0.04231214946039363
-0.4330127239227295,-0.24999998509883883,-0.02217399212237493
-0.36564766573515184,-0.3377918146490099,-0.022831076436574692
-0.3594738877556541,-0.35925968764027594,-0.016291734544599274
-0.27586650587732886,-0.44418609012715166,-0.016519995817585145
-0.2625639617718684,-0.45416026627990413,-0.013498234130195127
-0.17403421829438764,-0.4908743392298992,-0.013634964508977436
-0.07476867181670578,-0.5147481213988964,0.011524196070956857
-0.054715548314532174,-0.5176517761423433,0.011479666939195408
0.04653015718324693,-0.5187116103236824,0.03459097288792291
0.10140490030497734,-0.49493995095724813,0.03423126939086495
0.12940953671932223,-0.4829629063606262,0.0352674016101631
0.22217311796899375,-0.44453898581568196,0.034613274031468015
0.24999998509883883,-0.4330127239227295,0.03850720904895746
0.28252732151965937,-0.4080536141524603,0.04711675988635448
0.3535533845424652,-0.3535533845424652,0.047171658563358185
0.38890234375206345,-0.307485736340281,0.06673028159422265
0.4330127239227295,-0.2499999850988388,0.06694240074482741
0.4606807686575718,-0.18320339382497428,0.0669130847004528
0.4829629063606262,-0.1294095367193222,0.12952262025253652
0.48528931351452576,-0.11173872511382145,0.12951757542754067
0.4852730679558228,-0.11186212234752757,0.1500000059604645
0.4902639524138943,-0.07395260214356114,0.2357192739799885
0.49019934551895256,-0.07444334008984875,0.30000001192092896
0.4901447636530931,-0.07485793040223788,0.36323136143652646
0.48938033088549243,-0.08066437206430926,0.44999998807907104
0.4829629063606262,-0.12940953671932218,0.5847403566041435
0.47908224325922527,-0.13877828935580389,0.6000000238418579
0.4550669177166685,-0.1967557257293715,0.6662293719159837
0.43301247390949454,-0.24999984693363006,0.6662293719159839
0.4015276604584782,-0.2910314732016146,0.6905644758159243
0.35355338454246515,-0.35355338454246515,0.6905644758159242
0.2910314732016146,-0.40152766045847826,0.6905644758159243
0.2499997735586858,-0.4330123411357859,0.7014015745747842
0.16847947153969361,-0.4667791660801689,0.7014015745747842
0.12940942053847923,-0.48296248388483354,0.7063195213739888
0.09300006137721202,-0.487755862252142,0.7077975248013988
-9.159859793220544e-17,-0.5,0.7077975248013988
-0.09300006137721208,-0.487755862252142,0.7077975248013988
-0.12940942056036475,-0.4829624839644173,0.7062994934600021
-0.16856347303412306,-0.46674437199609176,0.7012970869872172
-0.24999977377666396,-0.4330123415302225,0.7012970869872172
-0.29114895035497135,-0.4014375179588634,0.6903943074096
-0.3535533845424652,-0.3535533845424652,0.6903943074096
-0.4014375179588634,-0.29114895035497135,0.6903943074096
-0.43301247560721107,-0.24999984787184176,0.6657796411051742
-0.47845081910832593,-0.14030268261641468,0.6000000238418579
-0.4829629063606262,-0.1294095367193222,0.581815872283156
-0.4891060122087805,-0.08274802867958435,0.449999988079071
-0.489802765073434,-0.0774556667702569,0.3602202974674687
-0.4897948773527863,-0.07751557993950893,0.30000001192092896
-0.4843076372097089,-0.11919529479076948,0.16183944522441607
-0.48429632728445265,-0.11928120217724783,0.15000000596046448
-0.4829629063606262,-0.1294095367193222,0.13836398087799118
-0.47906010809926924,-0.13883172837712018,0.13827993340229314
-0.4330127239227295,-0.2499999850988388,0.0716824469111824
-0.3913102686533669,-0.3043476683538151,0.0712758611618975
-0.3535533845424652,-0.3535533845424652,0.05033274834303657
-0.28462969899854784,-0.40644040274174875,0.05016211268074628
-0.2499999850988388,-0.4330127239227295,0.040869761378312344
-0.1621509804400583,-0.46940096087399935,0.04072641589164882
-0.12940953671932218,-0.48296290636062617,0.03655672701500478
-0.09906957240611974,-0.48695723959234477,0.0351673836657906
-0.05387828183706948,-0.49290678758260587,0.03504079930074843
0.04534456167415686,-0.4940302734801181,0.0581520021272305
0.0794339836570752,-0.48954231463907244,0.05792720882289704
0.1294095367193222,-0.4829629063606262,0.059680583690479926
0.20243457710439283,-0.452714954397719,0.05916564353608211
0.2499999850988388,-0.43301272392272955,0.06582167876083428
0.3056000647128871,-0.3903492708699162,0.0805382760809292
0.3535533845424652,-0.3535533845424652,0.08057534097942626
0.413934014105354,-0.27486383715193585,0.11398401830382537
0.4330127239227295,-0.2499999850988388,0.11407576450291576
0.444979761945704,-0.22110898990058422,0.11406308466879406
0.4577693701385119,-0.1902321339754511,0.15000000596046445
0.470873162152577,-0.1585967709532499,0.1863054129631826
0.4829629063606262,-0.1294095367193222,0.28716444943529407
0.48345697168274443,-0.12565673910032926,0.2956501032550917
0.4834525997028764,-0.12568994757480528,0.30000001192092896
0.4834489061215812,-0.1257180031020192,0.3042789079638335
0.4829629063606262,-0.1294095367193222,0.3594433823217654
0.4807880757384996,-0.13466004406627388,0.4434689900817646
0.4804437704790101,-0.13549127077246023,0.44999998807907104
0.4649366239666658,-0.1729288467680125,0.5041327834322408
0.44055676976045716,-0.23178704120622562,0.6000000238418579
0.43662417573060197,-0.24128105034405575,0.6108453125461882
0.4330126829821829,-0.24999996247379985,0.6108453125461882
0.38071202014217587,-0.31815921183882234,0.6512693114441788
0.3535533845424652,-0.3535533845424652,0.6512693114441788
0.31815921183882234,-0.3807120201421759,0.6512693114441788
0.249999840587792,-0.4330124624265496,0.6692712427318707
0.19431025157932824,-0.45607985247173527,0.6692712427318707
0.1294094520959369,-0.4829625986392252,0.6774406377263956
0.06892843255053813,-0.490925068108616,0.6798958073926733
-9.138353530665098e-17,-0.5,0.6798958073926733
-0.0689284325505382,-0.490925068108616,0.6798958073926733
-0.12940945213229188,-0.48296259877142494,0.6774073685701901
-0.19444978976795504,-0.45602205464920803,0.669097674287617
-0.249999840949884,-0.4330124630817638,0.6690976742876169
-0.3183543577620679,-0.3805622808881306,0.6509866380067441
-0.3535533845424652,-0.3535533845424652,0.6509866380067441
-0.38056228088813054,-0.31835435776206794,0.650986638006744
-0.4330126858023265,-0.24999996403230032,0.6100982469953152
-0.4399881981492735,-0.23315969496207029,0.6000000238418579
-0.46038270857958136,-0.1839229747493,0.517808158327471
-0.47955938169841594,-0.13762637487796092,0.449999988079071
-0.4829629063606262,-0.1294095367193222,0.31072854614899753
-0.48304084208749115,-0.1288175562723656,0.30068618277958964
-0.48304075221206133,-0.1288182389438345,0.300000011920929
-0.4829629063606262,-0.12940953671932223,0.2980399688630697
-0.45471965713841805,-0.1975947949340451,0.15000000596046445
-0.4330127239227295,-0.24999998509883886,0.11860566690196514
-0.4162958977576745,-0.271785771273265,0.11844268313402906
-0.3535533845424652,-0.3535533845424652,0.08364045928140978
-0.3076632433117277,-0.3887661378258232,0.08352684819721272
-0.2499999850988388,-0.4330127239227295,0.06805379941289615
-0.18403392126080292,-0.460336753045251,0.0679461608851648
-0.1294095367193222,-0.4829629063606262,0.06098963537093156
-0.07879167479011363,-0.48962687623004353,0.05867171603863386
-0.05387828183706948,-0.49290678758260587,0.05860193166230166
0.04537033480647231,-0.4940268803818985,0.08171296453496098
0.05899078084255923,-0.49223371412530215,0.08162314825492895
0.12940953671932223,-0.4829629063606262,0.08409376577079695
0.18269603623979197,-0.4608909229797561,0.08371801304069643
0.24999998509883883,-0.4330127239227295,0.09313614847271125
0.3286728079061148,-0.3726449275873722,0.11395979227550401
0.3535533845424652,-0.3535533845424652,0.11397902339549419
0.41865532149219037,-0.2687109112210334,0.15000000596046442
0.43301272392272944,-0.24999998509883878,0.1714017975163626
0.4552862308725182,-0.19622696448177143,0.23311284530481774
0.4633038440034304,-0.17687072762333178,0.30000001192092896
0.4611192298283649,-0.18214485456440815,0.3844036118672501
0.45766107881645296,-0.1904935724416456,0.44999998807907104
0.4330127239227295,-0.2499999850988388,0.5360431779200963
0.41604894655864555,-0.27210760425546165,0.5679765105439794
0.3753885280289093,-0.32509727915578684,0.6000000238418579
0.3598963798258736,-0.34528695047603,0.6119741470724334
0.3535533845424652,-0.35355338454246527,0.6119741470724335
0.34528695047603003,-0.3598963798258735,0.6119741470724334
0.24999990761689822,-0.4330125837173132,0.6371409108889572
0.22014103161896278,-0.44538053886330164,0.6371409108889572
0.12940948365339464,-0.48296271339361685,0.6485617540788026
0.044856803723864254,-0.4940942739650901,0.6519940899839479
-9.21323926676982e-17,-0.5,0.651994089983948
-0.04485680372386436,-0.4940942739650901,0.651994089983948
-0.12940948370421898,-0.48296271357843257,0.648515243680378
-0.22033610650178703,-0.4452997373023243,0.6368982615880169
-0.2499999081231042,-0.43301258463330494,0.6368982615880169
-0.3455597651691644,-0.35968704381739774,0.6115789686038882
-0.3535533845424652,-0.3535533845424652,0.6115789686038882
-0.3596870438173978,-0.3455597651691645,0.6115789686038882
-0.3745401678025857,-0.32620288343180714,0.6000000238418579
-0.41567898641472845,-0.27258974557277027,0.5672781151728223
-0.4330127239227295,-0.2499999850988388,0.5341518032099283
-0.4568115057687731,-0.1925446239043354,0.44999998807907116
-0.4586963585003615,-0.18799418534859624,0.372872250275728
-0.4618158989072857,-0.18046294606079744,0.30000001192092896
-0.4330127239227295,-0.2499999850988388,0.1795961937690354
-0.41314024455257814,-0.27589829749613054,0.15000000596046442
-0.3535533845424652,-0.3535533845424652,0.11694817021978302
-0.33069678762490745,-0.37109187290989765,0.11689158371367916
-0.2499999850988388,-0.4330127239227295,0.09523783744747992
-0.20591686208154755,-0.4512725452165026,0.09516590587868076
-0.1294095367193222,-0.4829629063606261,0.08542254372685805
-0.05851377717410754,-0.49229651286774234,0.08217604841147712
-0.05387828183706948,-0.49290678758260587,0.08216306402385494
0.04539582784515349,-0.49402352415871614,0.10555935614584715
0.1294095367193222,-0.4829629063606262,0.10850694785111381
0.1629574953751912,-0.46906689156179326,0.1082703825453107
0.2499999850988388,-0.4330127239227295,0.12045061818458808
0.35174555109934247,-0.35494058430482817,0.14738130847007877
0.3535533845424652,-0.3535533845424652,0.1473827058115623
0.35828371939563053,-0.3473886937915426,0.15000000596046448
0.4330127239227295,-0.2499999850988388,0.26139443025178677
0.43969929959245935,-0.23385715801029294,0.27992027764645283
0.4421062118497575,-0.22804635584398214,0.300000011920929
0.44145038391823027,-0.2296296650625425,0.3253382336527355
0.43487838715389576,-0.24549587411083096,0.449999988079071
0.4330127239227295,-0.24999998509883883,0.45651269922230203
0.3949544520624849,-0.2995984773442563,0.5281552012617641
0.3535533845424652,-0.3535533845424652,0.5607620381860843
0.26897106651820685,-0.41845569725811643,0.6000000238418579
0.24999997464600443,-0.43301270500807687,0.6050105790460437
0.24597181165859733,-0.43468122525486796,0.6050105790460437
0.12940951521085234,-0.4829628281480085,0.6196828704312096
0.020785174897190367,-0.49726347982156405,0.6240923725752225
-9.155991073191548e-17,-0.5,0.6240923725752225
-0.020785174897190492,-0.49726347982156405,0.6240923725752225
-0.12940951527614605,-0.48296282838544025,0.6196231187905661
-0.24622242323561905,-0.4345774199554405,0.6046988488884167
-0.2499999752963243,-0.43301270618484616,0.6046988488884167
-0.2677342402307786,-0.41940474770218905,0.6000000238418579
-0.35355338454246527,-0.35355338454246527,0.5598803853430709
-0.3945052363370301,-0.3001839065186893,0.5273071905004241
-0.4330127239227295,-0.2499999850988388,0.45371596148346516
-0.4340636298391302,-0.24746287293070982,0.4499999880790711
-0.43414686111121736,-0.2472619347973474,0.4465941836769599
-0.4404223159694309,-0.2321116414810362,0.30000001192092896
-0.4330127239227295,-0.2499999850988388,0.26902623302852885
-0.3552775937579417,-0.3513063519468359,0.15325489575209555
-0.3535533845424652,-0.3535533845424652,0.15049117146021704
-0.3527751318053252,-0.3541505590311472,0.15000000596046445
-0.24999998509883886,-0.4330127239227295,0.1224218754820638
-0.2277998029022921,-0.4422083373877542,0.12238565087219655
-0.1294095367193222,-0.4829629063606262,0.10985545208278462
-0.053866087714195474,-0.49290839296980155,0.10639612736610038
0.04537743239883005,-0.494025945965868,0.12997189282833882
0.1294095367193222,-0.4829629063606262,0.13292012993143082
0.1432189545105903,-0.47724286014383027,0.132822752049925
0.2499999850988388,-0.43301272392272955,0.14776508789646509
0.25844362322975145,-0.4265336907721705,0.15000000596046442
0.35355338454246527,-0.3535533845424652,0.2091593016159488
0.41016921624657127,-0.2797702159305124,0.3000000119209289
0.40342837357709505,-0.2885550507779097,0.355848095747328
0.3942238769518487,-0.3005505811100986,0.44999998807907104
0.3738599575663242,-0.3270893504330508,0.4883338919795487
0.3535533845424652,-0.3535533845424652,0.5043270330926515
0.29837804198113216,-0.395890925304611,0.5299230364955503
0.2499999850988388,-0.4330127239227295,0.5609105842251714
0.2254105355507886,-0.44319800399654663,0.5694137016151857
0.1294095367193222,-0.4829629063606262,0.5867824183463412
0.11893630034730593,-0.4843417344848961,0.5878603788807458
-9.245312124803448e-17,-0.5,0.5945428851202453
-0.11886438756303626,-0.48435120198528697,0.5877770239713187
-0.1294095367193222,-0.4829629063606262,0.58666251462992
-0.22513028291194354,-0.4433140884014653,0.5690651009887325
-0.2499999850988388,-0.4330127239227295,0.5602099142337664
-0.2994598282442219,-0.39506084128730606,0.5283560384151109
-0.3535533845424652,-0.35355338454246527,0.5030678123298297
-0.37333148625933166,-0.32777806746460847,0.4873362658280257
-0.39286813853596064,-0.3023174133392171,0.4499999880790711
-0.40030025489255927,-0.2926316933245662,0.3617532257390927
-0.4069399461578264,-0.2839786815183123,0.300000011920929
-0.3535533845424652,-0.3535533845424652,0.21442702236034106
-0.25146864552021564,-0.4318857808432792,0.15000000596046448
-0.24999998509883878,-0.4330127239227295,0.14960591351664765
-0.24968274372303673,-0.43314412955900583,0.14960539586571253
-0.1294095367193222,-0.48296290636062617,0.13428836043871115
-0.05384500590634125,-0.49291116844326055,0.13082807033297028
0.04523105019181791,-0.4940452175545873,0.15799882655599268
0.11846073750904208,-0.4844043435383887,0.1626908785842031
0.12940953671932223,-0.4829629063606263,0.1640094798725811
0.22112067509097755,-0.4449749217829895,0.18592239228147844
0.2499999850988388,-0.43301272392272944,0.1984833027881483
0.32130724163231295,-0.37829672688534177,0.25329056872821165
0.3535533845424652,-0.3535533845424652,0.273348016837018
0.37016405241575073,-0.33190594651034167,0.300000011920929
0.3535533845424652,-0.3535533845424652,0.43761989377937976
0.35085276396354204,-0.35562564415220216,0.449999988079071
0.2499999850988388,-0.4330127239227295,0.5145991162817323
0.19627802519356108,-0.4552650808402928,0.5331763573299135
0.1294095367193222,-0.4829629063606262,0.545274354732925
0.0860465487417337,-0.488671753678885,0.5497375013700625
-9.220287621318084e-17,-0.5,0.5545720775017813
-0.08599452217895397,-0.4886786031077933,0.5496771968015165
-0.12940953671932218,-0.4829629063606262,0.5450886946812448
-0.19601127590979942,-0.45537557197427664,0.5328445532555309
-0.2499999850988388,-0.4330127239227295,0.5136211585025205
-0.3487852358414374,-0.35721211470377473,0.44999998807907104
-0.35002871893478027,-0.3562579563115016,0.44489441201919494
-0.3535533845424652,-0.35355338454246515,0.4255471314558542
-0.3670521817938935,-0.3359614141751296,0.30000001192092896
-0.3535533845424652,-0.3535533845424652,0.2783628732604652
-0.32708318336043973,-0.3738646897288435,0.2616571824589175
-0.2499999850988388,-0.4330127239227295,0.201757422098442
-0.21919265452079773,-0.4457735337835139,0.18832061785328086
-0.12940953671932223,-0.4829629063606263,0.16658143772393305
-0.11660302993719915,-0.4846489154506173,0.16484416769962298
-0.05370922576503039,-0.49292904424314765,0.15958871562097288
0.04526105009268509,-0.49404126799157044,0.20258514207091644
0.08201127981395225,-0.48920300706503833,0.2049398426878111
0.1294095367193222,-0.4829629063606262,0.21064817667238261
0.18966783854968366,-0.4580031088785591,0.22504593591255911
0.24999998509883878,-0.4330127239227295,0.251287099336233
0.31337815393448715,-0.3843809314961272,0.30000001192092884
0.2917401079968397,-0.4009843925599166,0.38953826037937844
0.27855085579000366,-0.41110486444114547,0.4499999880790711
0.2499999850988388,-0.4330127239227295,0.4682876483382932
0.1671455148363336,-0.4673321576840389,0.4969390130446414
0.1294095367193222,-0.4829629063606262,0.5037662911195089
0.053156797136161525,-0.49300177287287394,0.5116146238593791
-9.195263117832721e-17,-0.5,0.5146012698833173
-0.05312465679487174,-0.4930060042302996,0.5115773696317145
-0.1294095367193222,-0.4829629063606262,0.5035148747325697
-0.16689226890765538,-0.4674370555470879,0.49662400552232944
-0.2499999850988388,-0.4330127239227295,0.4670324027712746
-0.2764463919304411,-0.4127196767884843,0.449999988079071
-0.2965550856192296,-0.3972897292938,0.36743636848303446
-0.3088405644959049,-0.38786274726563164,0.30000001192092896
-0.2499999850988388,-0.4330127239227294,0.2542762136764087
-0.18793213391466057,-0.45872206103723134,0.22720494360427687
-0.12940953671932218,-0.4829629063606262,0.21303487117618586
-0.08072517457190714,-0.4893723260811966,0.20643058130617858
-0.0537092257650304,-0.49292904424314765,0.2041731089496785
0.04533514004435547,-0.49403151386157085,0.24717428257144192
0.045561822118862304,-0.494001670591688,0.24718880679141902
0.1294095367193222,-0.4829629063606262,0.25728687347218415
0.15821500200838978,-0.47103129597412885,0.2641694795436399
0.24059446420748612,-0.4369086169288485,0.3000000119209289
0.2020224866169461,-0.45288564780922463,0.39032176542446795
0.16896029417271474,-0.4665804517226225,0.44999998807907104
0.13801300447910608,-0.47939923452778505,0.46070166875936924
0.1294095367193222,-0.4829629063606262,0.4622582275060927
0.020267045530589285,-0.49733179206686284,0.47349174634869573
-9.10176123224584e-17,-0.5,0.47463046226485334
-0.020254791410789445,-0.49733340535280596,0.47347754246191237
-0.1294095367193222,-0.48296290636062617,0.46194105478389447
-0.13777326190551129,-0.47949853911989926,0.460403457789128
-0.16699130106819776,-0.46739603509685507,0.44999998807907104
-0.19921764569042996,-0.4540474505711468,0.38683288153889933
-0.23442071475451862,-0.4394658668242223,0.30000001192092896
-0.15667161330852336,-0.4716705882909489,0.266089269355273
-0.12940953671932223,-0.4829629063606263,0.259488304628439
-0.053663941534913745,-0.492935006026865,0.24921301611876662
0.045149575870464004,-0.4940559438555794,0.2937778553673535
0.09681427797600074,-0.48725415482258494,0.30000001192092896
-9.20217176006885e-17,-0.5,0.3591680124187213
-0.034418237918499565,-0.5037235720418339,0.33894994170887716
-0.09035965283365474,-0.5130756310643692,0.3000000119209289
-0.05732738661619015,-0.5174357486988662,0.29563948906099
-0.00791198514469788,-0.5239687788416171,0.3063713803581715
-0.005797008939976747,-0.5242659247192658,0.2613249597794402
-0.006478979168673361,-0.5241921728205097,0.21652581938191004
-0.006512515876495268,-0.5241727087180468,0.17193175107669945
-0.0060305249009257565,-0.5242211151422722,0.14415008206713092
-0.00603705366613283,-0.5242052067039358,0.12050144646399415
-0.006574136169239422,-0.5241344984305777,0.0967523889273185
-0.006586929949621198,-0.5241328140969507,0.07318292606944726
-0.006594692783926968,-0.5241317921001308,0.04961673904377825
-0.00528034596535187,-0.5241600458793033,0.026052213120473428
0.04651965808298818,-0.518712992556853,0.011029909759794785
0.12490353078626573,-0.5084266230798294,0.010535329958833071
0.1318874576082349,-0.49080275827760533,0.010854219529846052
0.24191165883359456,-0.43636301723364485,0.010060904526853747
0.2499999850988388,-0.43301272392272955,0.011192739337080508
0.2594545783264316,-0.4257579574350042,0.013695243691779749
0.35355338454246515,-0.35355338454246515,0.013767976147290067
0.3638706733987729,-0.340107635528626,0.01947654488462
0.4330127239227295,-0.2499999850988388,0.019809036986738866
0.4763817753694396,-0.1452977977493643,0.01976308473211154
0.4829629063606262,-0.12940953671932218,0.03825509659635628
0.4956580892450246,-0.032980076952765204,0.038227567031794356
0.49556943737750997,-0.03365345454563482,0.1500000059604646
0.4970709331450443,-0.02224846518679304,0.17578844470488555
0.49694609133502865,-0.023196732604892224,0.300000011920929
0.4968406211846049,-0.02399785770245651,0.42218381490921925
0.49659556032490165,-0.025859279198018417,0.449999988079071
0.49413702031432405,-0.04453373920330286,0.5016195413399294
0.4939637907673819,-0.045849547867056965,0.6000000238418578
0.48296252670148226,-0.12940943231305763,0.6955443606146766
0.473509659702735,-0.15223040111468727,0.7216134312857794
0.4330122648368063,-0.24999973139346024,0.7216134312857795
0.42234330077478066,-0.2639037345644069,0.7298596401876698
0.3535533845424652,-0.35355338454246515,0.7298596401876697
0.2639037345644069,-0.4223433007747806,0.7298596401876697
0.2499997065295796,-0.4330122198450223,0.7335319064176978
0.14264869150005913,-0.47747847968860263,0.7335319064176978
0.1294093889810215,-0.4829623691304419,0.7351984050215817
0.11707169020388593,-0.484586656395668,0.7356992422101242
-9.217107986798815e-17,-0.5,0.7356992422101243
-0.11707169020388594,-0.484586656395668,0.7356992422101243
-0.12940938898843768,-0.48296236915740964,0.7351916183498141
-0.14267715630029104,-0.47746668934297554,0.7334964996868174
-0.24999970660344376,-0.4330122199786814,0.7334964996868174
-0.26394354294787487,-0.4223127550295962,0.7298019768124557
-0.3535533845424652,-0.3535533845424652,0.7298019768124557
-0.4223127550295962,-0.2639435429478748,0.7298019768124558
-0.43301226541209553,-0.24999973171138323,0.7214610352150332
-0.45136166819030643,-0.20570063729456323,0.6948971995036471
-0.48296252927306993,-0.1294094330202442,0.694897199503647
-0.49375541525022515,-0.047432316601542866,0.6000000238418579
-0.49377628553214065,-0.04727379111761615,0.5047955660407235
-0.49632996134641544,-0.027876703148755948,0.4499999880790711
-0.4965646880593768,-0.02609377726814816,0.4197544121553479
-0.49655555154638015,-0.026163175954283177,0.34999998674639043
-0.4950179437884358,0.03784246303360968,0.25180608894208123
-0.4951150331683998,0.03710499618935429,0.15000000596046462
-0.49526844568430806,0.03593971277712102,0.041658113207514426
-0.4829629063606262,0.12940953671932218,0.04139171025480569
-0.47586801869611517,0.14653811649436957,0.02130589199125805
-0.4330127239227295,0.2499999850988388,0.021139857708965037
-0.4251546913558579,0.26024076977669874,0.01483406407681507
-0.3535533845424652,0.3535533845424652,0.014034931210471703
-0.3456754613577287,0.3595983292310112,0.011411392875709846
-0.24999998509883878,0.4330127239227295,0.011295703838778521
-0.2418880105291805,0.436372812678771,0.010090320171713765
-0.1756035095204906,0.46382874275184793,0.01005346103604061
-0.07984592530086543,0.48948808147714995,-0.013813587022967113
3.014798148539041e-17,0.5,-0.013843317208131535
0.11845770581847669,0.4844047426681387,-0.012694386689351175
0.12940953671932218,0.48296290636062605,-0.013082226814703226
0.2399956147536514,0.43715666841114953,-0.012444232786049827
0.24999998509883883,0.43301272392272955,-0.013821838619596457
0.26156372317967236,0.42413955323392316,-0.01675039921788959
0.3535533845424652,0.3535533845424652,-0.015739594259128416
0.42525820834794187,0.2601058638422412,-0.014638649043784764
0.4330127239227295,0.2499999850988388,-0.020620491280726988
0.47633129628424453,0.1454196650823822,-0.019914673028902603
0.4829629063606262,0.1294095367193222,-0.038460163058219324
0.4955816552988498,0.03356065024616153,-0.1500000059604644
0.4970671695265266,0.022277052699374408,-0.17582158080262833
0.4968930799307374,0.023599394080809064,-0.300000011920929
0.4967801062754016,0.024457513940215385,-0.42165102245471625
0.4965323747982754,0.026339220783194877,-0.44999998807907116
0.4940359100314964,0.04530174782820354,-0.5025097486934346
0.4938579191002527,0.04665372278590805,-0.600000023841858
0.48296252926237504,0.12940943301730315,-0.6948998909509141
0.473419199534639,0.15244879425558894,-0.721341776923092
0.4330122658622911,0.2499997319601755,-0.7213417769230919
0.4222394219625354,0.2640391134057834,-0.7296635407672392
0.35355338454246527,0.3535533845424652,-0.7296635407672396
0.2640391134057834,0.42223942196253544,-0.7296635407672393
0.24999970681783973,0.4330122203666359,-0.7333937292192798
0.23805042200428317,0.437961766449969,-0.7351365351413824
0.12940938904862995,0.4829623693762908,-0.7351365351413826
0.11704556525176979,0.48459009593654173,-0.7356689604607458
0.05063500283359654,0.4933335318237795,-0.7356689604607456
-0.048528106083156594,0.4936109201786997,-0.7078177563057534
-0.09301751568858257,0.4877535642644896,-0.7078177563057533
-0.12940942060713892,0.48296248413450527,-0.7062566894497821
-0.21483292162147152,0.4475789007393494,-0.7062566894497821
-0.2499997740420652,0.4330123420104724,-0.7011698671911005
-0.29132745213880956,0.4013005500759932,-0.6901357433976718
-0.35355338454246515,0.35355338454246515,-0.6901357433976719
-0.4013005500759932,0.29132745213880956,-0.6901357433976718
-0.43301247850065383,0.24999984947084958,-0.6650131583779627
-0.47760799325394665,0.14233744490806013,-0.6000000238418579
-0.48076313810837246,0.1347202488513573,-0.5933941357268715
-0.4829629063606262,0.1294095367193222,-0.5780894715568108
-0.4888813434839774,0.08445455657733007,-0.5021078064050086
-0.4888464974660875,0.08471923828461497,-0.44999998807907093
-0.4895379692809003,0.07946698991975337,-0.35788895132313375
-0.4895306087981816,0.07952289832049454,-0.30000001192092907
-0.4840356480520542,0.12126125695719385,-0.15944476593621276
-0.4840294887285942,0.12130804165018982,-0.15000000596046445
-0.48403505798414337,0.12126573896666042,-0.14056044113079078
-0.4829629063606262,0.1294095367193222,-0.1405833591045816
-0.4798348827852555,0.13696125619431396,-0.14060657570556118
-0.43301272392272955,0.24999998509883878,-0.07318132953771286
-0.40553420192156986,0.2858106825838636,-0.05187280055568223
-0.3535533845424652,0.3535533845424652,-0.05244885465000156
-0.2862768915953159,0.40517646706919264,-0.05254811739580901
-0.2499999850988388,0.43301272392272944,-0.042981568282624075
-0.16400686839913964,0.468632227169248,-0.04303491717566511
-0.1294095367193222,0.4829629063606262,-0.03876019139763802
-0.09724027244561274,0.48719807157051076,-0.037287745208964315
3.2322631051088706e-17,0.5,-0.03732395208231905
0.09802931435386791,0.48709419220259764,-0.036373158124103425
0.1294095367193222,0.4829629063606262,-0.037484434355993725
0.22028638163427527,0.4453204973317084,-0.036960146982491004
0.2499999850988388,0.4330127239227295,-0.04105172216974537
0.2843450079285114,0.40665885394155576,-0.049749729674183854
0.3535533845424652,0.3535533845424652,-0.048989251059165566
0.4075004735679918,0.28324818817093894,-0.04816095546631276
0.43301272392272955,0.2499999850988388,-0.06784113474502815
0.4605209814447656,0.1835891544107652,-0.06739292444684693
0.4829629063606262,0.1294095367193222,-0.13015241874341874
0.48520830776701784,0.1123540246759707,-0.1500000059604646
0.49018149812443634,0.07457890447100858,-0.2364452278411321
0.4900923987005568,0.07525568159099649,-0.30000001192092896
0.4900345785444562,0.07569486915270114,-0.36226125679201626
0.48926786113434206,0.08151866439253007,-0.4499999880790711
0.4829629063606263,0.1294095367193222,-0.5826161860955072
0.47856601253984554,0.14002458097835552,-0.6000000238418578
0.4548729436355714,0.19722402696864544,-0.6656468624370897
0.4330124761084454,0.24999984814883974,-0.6656468624370896
0.40130349048916375,0.291323620079898,-0.6901412942246993
0.35355338454246527,0.3535533845424652,-0.6901412942246992
0.291323620079898,0.4013034904891637,-0.6901412942246989
0.24999977414442914,0.4330123421957026,-0.7011207990874444
0.2148280308388048,0.44758092659540244,-0.7062506058901226
0.12940942061378677,0.48296248415867915,-0.7062506058901225
0.09301751568858259,0.4877535642644897,-0.7078177563057532
0.05063500283359656,0.4933335318237795,-0.7078177563057533
-0.04853451983156204,0.4936100757618488,-0.6799665521507607
-0.06898946612539535,0.4909170325924376,-0.6799665521507606
-0.12940945216790647,0.48296259890093257,-0.6773747769232675
-0.19161375963904742,0.4571967232951817,-0.6773747769232676
-0.24999984130106787,0.4330124637172391,-0.6689293347141247
-0.3186144889641379,0.38036267716849326,-0.6506098318718774
-0.3535533845424652,0.35355338454246515,-0.6506098318718773
-0.38036267716849326,0.3186144889641379,-0.6506098318718773
-0.43301269032628514,0.24999996653238274,-0.6088998351118935
-0.4391174823444886,0.2352617895728496,-0.6000000238418579
-0.46495145223693657,0.1728930481447971,-0.5459117576768182
-0.4787370318115168,0.13961170379461346,-0.44999998807907093
-0.4822072589382241,0.1312338315874659,-0.30226921475087276
-0.48230267818376377,0.13100346907341565,-0.30000001192092884
-0.4690283374604863,0.16305057324070749,-0.19184540703935404
-0.4536476833608737,0.20018276943535748,-0.1500000059604646
-0.43301272392272955,0.24999998509883878,-0.12028507496239882
-0.3878474324522855,0.3088605231438903,-0.08526114164316134
-0.3535533845424652,0.3535533845424652,-0.08564119004765554
-0.3091681018812182,0.38761141892296824,-0.08570667807827949
-0.24999998509883878,0.4330127239227295,-0.07010350929131938
-0.1858003115561409,0.4596050904741742,-0.07014333784561012
-0.12940953671932218,0.48296290636062617,-0.06317589015141431
-0.0769763099285087,0.4898658736171053,-0.06077592525662827
3.0083217979246435e-17,0.5,-0.06080458695650634
0.0776009228892591,0.4897836417370566,-0.06005192955885568
0.1294095367193222,0.4829629063606262,-0.061886641897284426
0.20057714851489916,0.45348432625226753,-0.06147606117893216
0.2499999850988388,0.4330127239227295,-0.0682816057198943
0.3071262926773505,0.38917815464918837,-0.08274906013047836
0.3535533845424652,0.3535533845424652,-0.0822389078592027
0.3897427387880417,0.30639051249963684,-0.08168326188884051
0.4330127239227295,0.24999998509883878,-0.1150617782093293
0.4447106666052867,0.22175864373914822,-0.1148711758647912
0.4572722491391375,0.1914322906373005,-0.15000000596046442
0.4705744346525678,0.1593179631774064,-0.187202489301946
0.4829629063606263,0.1294095367193222,-0.29128197100724657
0.48329582672234617,0.12688075624264275,-0.2970688748796356
0.48329171747037597,0.12691196910118394,-0.30000001192092884
0.48328905081351087,0.12693222436518692,-0.3028714911293162
0.4829629063606262,0.1294095367193222,-0.3401935867735928
0.4799465528551056,0.1366916607066388,-0.449999988079071
0.46173260351752715,0.18066403898796396,-0.5137544336144608
0.43991850767324037,0.23332794271097615,-0.6000000238418578
0.4363266877365038,0.24199925968170194,-0.6099519479510873
0.4330126863545998,0.24999996433750396,-0.6099519479510872
0.380367559015792,0.3186081267540125,-0.6506190476821588
0.3535533845424652,0.3535533845424652,-0.6506190476821587
0.3186081267540125,0.38036755901579195,-0.6506190476821587
0.24999984147101867,0.43301246402476923,-0.6688478689556088
0.19160563967332644,0.4572000867408359,-0.6773646766388624
0.1294094521789436,0.4829625989410675,-0.6773646766388624
0.06898946612539539,0.4909170325924376,-0.6799665521507607
0.050635002833596565,0.4933335318237795,-0.6799665521507607
-0.048542743551702947,0.4936090107739711,-0.6519617234224953
-0.129409483728674,0.48296271366735993,-0.6484928643967529
-0.16839459765662335,0.4668145458510139,-0.648492864396753
-0.2499999085600706,0.43301258542400595,-0.6366888022371492
-0.34590152578946615,0.3594248042609933,-0.611083920346083
-0.3535533845424652,0.3535533845424652,-0.6110839203460829
-0.3594248042609933,0.34590152578946615,-0.611083920346083
-0.37341586976371044,0.327668096770118,-0.6000000238418578
-0.4330127239227295,0.2499999850988388,-0.5321943707501184
-0.44913976636550046,0.21106584743823695,-0.4984293796267647
-0.4561006141710332,0.19426086861730057,-0.44999998807907104
-0.45785285989628244,0.1900305718022367,-0.37540526946256714
-0.4610236266031642,0.18237566124480042,-0.3000000119209288
-0.45347997451987143,0.20058765452979743,-0.23853701896023935
-0.4330127239227295,0.2499999850988388,-0.1828527610169366
-0.42508902461011905,0.26032634832296764,-0.16495803296384146
-0.41058888977636926,0.27922328688471315,-0.15000000596046456
-0.37016066298300104,0.3319103637039171,-0.11864948273064031
-0.3535533845424652,0.3535533845424652,-0.11883352544530945
-0.3320593121671204,0.37004637077674374,-0.11886523876074996
-0.24999998509883883,0.4330127239227295,-0.09722545030001474
-0.20759375471314218,0.4505779537791003,-0.09725175851555509
-0.1294095367193222,0.4829629063606263,-0.08759158890519061
-0.056712347411404615,0.4925336756636999,-0.08426410530429246
3.2607218285692553e-17,0.5,-0.08428522183069385
0.05717253142465031,0.49247309127151545,-0.08373070099360794
0.12940953671932218,0.4829629063606262,-0.08628884943857515
0.18086791539552305,0.4616481551728265,-0.08599197537537336
0.2499999850988388,0.4330127239227295,-0.09551148927004327
0.3299075774261895,0.37169745535682097,-0.1157483905867729
0.3535533845424652,0.3535533845424652,-0.11548856465923985
0.37198500400809165,0.32953283682833456,-0.11520556831136844
0.4170905079613053,0.2707502153718401,-0.15000000596046448
0.4273344361577473,0.2574000718056898,-0.1607192392845224
0.4330127239227294,0.2499999850988388,-0.17385142094549486
0.4547635618400963,0.19748879957220783,-0.23468241630840916
0.4625382468406932,0.1787190432976006,-0.30000001192092884
0.45927730684771584,0.18659165149839668,-0.3711276672932614
0.45711070455074254,0.1918222939044967,-0.44999998807907104
0.4330127239227295,0.2499999850988388,-0.5343503595985397
0.4155936629980085,0.2727009411845437,-0.5671170451757743
0.37379683326779073,0.3271716155985006,-0.6000000238418578
0.3594316275424202,0.34589263342812704,-0.6110968011396185
0.3535533845424652,0.3535533845424652,-0.6110968011396185
0.34589263342812704,0.3594316275424202,-0.6110968011396186
0.24999990879760814,0.43301258585383595,-0.6365749388237734
0.16838324850784814,0.4668192468862693,-0.6484787473876023
0.12940948374410036,0.4829627137234559,-0.6484787473876023
0.05063160680518342,0.493334007002985,-0.6518711716874863
-0.04852355277226071,0.4936116562068321,-0.6230806354573294
-0.1294095152894415,0.4829628284337873,-0.6196109518702384
-0.1451754356741993,0.4764323684068461,-0.6196109518702384
-0.24999997581907327,0.4330127071307727,-0.6044482697601736
-0.26666062589414274,0.42022856117810203,-0.6000000238418581
-0.35355338454246515,0.35355338454246515,-0.5590510711633494
-0.43086975103632125,0.2527927609894248,-0.45404540315685804
-0.43301272392272944,0.24999998509883883,-0.45160725976537835
-0.4333280804940645,0.24923864673167673,-0.45094700157671147
-0.4334641965305497,0.24891003343998763,-0.44999998807907104
-0.4334984608543408,0.24882731201700745,-0.4485413241742615
-0.4397445750225647,0.23374785341618523,-0.300000011920929
-0.43793161157925653,0.23812473581888743,-0.2852286308811244
-0.43301272392272944,0.2499999850988388,-0.2718460513421593
-0.403624886452915,0.28829895028067026,-0.2054771321235876
-0.3535533845424652,0.3535533845424652,-0.1538244484579932
-0.34727618073653826,0.35837005372236763,-0.15000000596046448
-0.2499999850988388,0.4330127239227295,-0.12434739130871005
-0.22938719787014344,0.44155081708402644,-0.12436017918550003
-0.12940953671932218,0.4829629063606262,-0.1120072876589669
-0.03644838489430057,0.49520147771029444,-0.10775228535195643
3.103606903199581e-17,0.5,-0.10776585670488113
0.036744139960041514,0.4951625408059743,-0.10740947242836041
0.1294095367193222,0.4829629063606262,-0.11069105697986562
0.16115868227614694,0.4698119840933855,-0.11050788957181452
0.2499999850988388,0.43301272392272944,-0.12274137282019217
0.3526888621750285,0.35421675606445346,-0.14874772104306727
0.3535533845424652,0.3535533845424652,-0.14873822145927698
0.3542272692281416,0.3526751611570324,-0.14872787473389618
0.3558763868442292,0.3505259898127933,-0.15000000596046442
0.405503844497305,0.2858502451388194,-0.2019301139875676
0.4330127239227295,0.2499999850988388,-0.26554992630709995
0.4389526890276249,0.2356596359670092,-0.28216234331487255
0.4410758880409478,0.2305337783921367,-0.30000001192092896
0.4343883320945726,0.2466789720786495,-0.4458690483525553
0.43427485624637957,0.24695292710235459,-0.44999998807907104
0.43301272392272944,0.24999998509883872,-0.4544178408464872
0.3943848810482954,0.3003407565426979,-0.527079988792541
0.35355338454246527,0.3535533845424652,-0.5592035071830945
0.26619146757884743,0.4205885591115201,-0.6000000238418579
0.24999997612419764,0.43301270768290256,-0.604302008691938
0.14516085734236978,0.4764384070317027,-0.6195928181363423
0.12940951530925715,0.48296282850584427,-0.6195928181363421
0.05061216727204761,0.493336685201382,-0.6229860809232426
-0.04844695331584127,0.4936218357540792,-0.5916135865352353
-0.12940953671932223,0.4829629063606263,-0.586590168328405
-0.14382499663303375,0.4769918293616424,-0.5820689228993638
-0.2499999850988388,0.43301272392272955,-0.5599215390386658
-0.3001963084316399,0.39449572001197075,-0.5272892259778095
-0.3535533845424652,0.35355338454246527,-0.5021442493570454
-0.39194754832484346,0.30351714953887887,-0.449999988079071
-0.39906067684172086,0.29424714245919503,-0.3640932486932492
-0.4060733620133841,0.285108035660454,-0.3000000119209289
-0.3821607482957109,0.3162715522383729,-0.24599623128333375
-0.3535533845424652,0.3535533845424652,-0.2164854905610824
-0.2540447553890832,0.42990906168725934,-0.1558589692673684
-0.24999998509883883,0.43301272392272955,-0.15279792042379994
-0.24832423970192888,0.43370684016012573,-0.15208443157544874
-0.23929463178913216,0.4374470249645425,-0.1500000059604644
-0.1294095367193222,0.4829629063606263,-0.13642298641274322
-0.016184422377196486,0.497869279756889,-0.1312404653996206
3.338995961757053e-17,0.5,-0.13124649157906867
0.016315748495432714,0.49785199034043326,-0.13108824386311266
0.1294095367193222,0.4829629063606262,-0.13509326452115633
0.1414494491567708,0.47797581301394443,-0.13502380376825568
0.24999998509883883,0.4330127239227295,-0.1499712563703411
0.25011350596308524,0.43292561627655507,-0.15000000596046434
0.3277138022198519,0.3733807987292351,-0.1874293663024003
0.3535533845424652,0.3535533845424652,-0.21162359714449933
0.3836732528368625,0.31430041847194906,-0.24314098869061307
0.40825880185474234,0.28225991577149867,-0.300000011920929
0.40071778076443276,0.2920875631603163,-0.38903496192160153
0.39286845713700846,0.302316998130359,-0.44999998807907104
0.3731760990985822,0.32798057190085217,-0.4870429324093077
0.3535533845424652,0.3535533845424652,-0.5024807851910689
0.3000858718857414,0.39458046097680327,-0.5274491964464113
0.2499999850988388,0.43301272392272944,-0.5597570015396974
0.14385597991415897,0.4769789956707031,-0.5820303834185068
0.1294095367193222,0.4829629063606262,-0.5865784116159296
0.05053110680632062,0.4933474516624868,-0.5914841751850279
-0.048341828995653674,0.49363567563738464,-0.5498443652141607
-0.12940953671932226,0.4829629063606262,-0.5448144244458977
-0.18873350147856438,0.4583901238352829,-0.5262081360509494
-0.2499999850988389,0.43301272392272955,-0.5134283623006524
-0.3475680359741406,0.35814610526196794,-0.44999998807907104
-0.35355338454246527,0.35355338454246527,-0.41985853485956653
-0.36666756208814105,0.3364626602002577,-0.30000001192092884
-0.3606966101385068,0.3442441541960755,-0.28651533044307964
-0.3535533845424652,0.3535533845424652,-0.2791465326641717
-0.328706195094091,0.3726193086901211,-0.2640081605149699
-0.24999998509883886,0.43301272392272955,-0.20444394900246446
-0.21739205939638728,0.4465193644539334,-0.19056034150489154
-0.1294095367193222,0.4829629063606262,-0.1702501546495891
-0.008553968096882983,0.49887384841064,-0.15991500371137204
3.131252020689818e-17,0.5,-0.15897577641616945
0.11523343486479787,0.48482922611463836,-0.16643168029128913
0.12940953671932223,0.4829629063606263,-0.16805175432955854
0.21865565453105776,0.4459959663875643,-0.18898858121807613
0.24999998509883878,0.4330127239227295,-0.2018060065973332
0.3008549590915423,0.3939903194495613,-0.22633515453324332
0.3535533845424652,0.3535533845424652,-0.2756779749572005
0.36184266117642006,0.3427505918050787,-0.2843518633936585
0.36860884006587996,0.3339327381617938,-0.3000000119209289
0.36653347873597364,0.3366374009800581,-0.32450328409437346
0.3535533845424652,0.3535533845424652,-0.4253185669894329
0.34817024464250634,0.3576840141745241,-0.44999998807907104
0.24999998509883883,0.43301272392272944,-0.5133245254839578
0.18875998034020913,0.45837915593535655,-0.5261751995269788
0.1294095367193222,0.4829629063606262,-0.5448599018773685
0.0504245908370093,0.4933614747599281,-0.5497722900986355
-0.048303315341451075,0.49364074605761554,-0.5092966020664054
-0.08106354638833846,0.4893277785735892,-0.5060383640943074
-0.1294095367193222,0.4829629063606262,-0.5030386805633906
-0.23364200632409501,0.43978841830892335,-0.4703473492025351
-0.2499999850988388,0.4330127239227295,-0.46693518556263897
-0.2760503802088848,0.41302354735140906,-0.44999998807907093
-0.2865692241941827,0.4049521523165136,-0.3970284292321866
-0.3080212749957335,0.3884914103785239,-0.30000001192092884
-0.2499999850988388,0.4330127239227295,-0.25608997758112895
-0.1864598790908458,0.4593318887477411,-0.2290362514343342
-0.1294095367193222,0.4829629063606262,-0.21586655501658578
-0.051043386742894666,0.49328000870990196,-0.2091649524534173
3.098880944026247e-17,0.5,-0.2035603790524498
0.07880255555194873,0.4896254437501587,-0.20865910998933856
0.1294095367193222,0.4829629063606262,-0.2144425797461027
0.18727819532026374,0.45899293118103,-0.22801836452090357
0.2499999850988388,0.4330127239227295,-0.2536667623516328
0.2739961159632327,0.4145998401698875,-0.2652409427640862
0.31111900839148937,0.3861144353055138,-0.30000001192092896
0.2882816393164662,0.4036381696264958,-0.394547948350869
0.2761872754420818,0.4129185039163062,-0.44999998807907104
0.24999998509883883,0.4330127239227295,-0.46689204942821805
0.23366398076625922,0.43977931620001,-0.4703200156354509
0.1294095367193222,0.4829629063606262,-0.5031413921388077
0.08096339511783779,0.4893409637422938,-0.5061544505477299
0.05040199750101137,0.49336444922989975,-0.5091539394400186
-0.04829285855439972,0.49364212272014507,-0.46894649014772705
-0.11914309954494125,0.4843145088461682,-0.4618999297862545
-0.1294095367193222,0.4829629063606262,-0.46126293668088314
-0.16532012521264403,0.46808825856888336,-0.44999998807907104
-0.19820326322144144,0.4544676214061397,-0.3855711120686951
-0.23183073582990146,0.44053867086080556,-0.3000000119209289
-0.15552769878530423,0.47214441304154875,-0.26751216136377703
-0.1294095367193222,0.4829629063606262,-0.26148295538358246
-0.0935328053889064,0.48768616900916395,-0.2584149011954624
3.391976966240455e-17,0.5,-0.24814498168873045
0.0423716762390995,0.4944216613856791,-0.2508865396873883
0.1294095367193222,0.4829629063606262,-0.26083340516264714
0.1559007361094697,0.47198989597449575,-0.2670481478237312
0.23648276335174834,0.4386117386157983,-0.30000001192092896
0.21621128435985046,0.44700845732393846,-0.34202908116621544
0.1656934353163016,0.4679336285129031,-0.449999988079071
0.1294095367193222,0.4829629063606262,-0.4614228824002467
0.11899590227412779,0.48433388774010366,-0.46207054778277884
0.05112789955862137,0.5016026475896931,-0.4688027894257517
0.0021985872972722746,0.5247131415186106,-0.29272958718439124
0.008931440863124016,0.5238354076763638,-0.29311396938543793
0.06923847666860368,0.5159032013653866,-0.30000001192092884
0.0041579022588209506,0.5244785918715438,-0.34189367720004654
0.0008860527208491478,0.5247126702590516,-0.34257726811616107
-0.0668191393837194,0.5159947966023265,-0.3000000119209289
-0.03371160193041281,0.5203534878553865,-0.29636479812296984
0.0016642456152115301,0.5246015558320368,-0.4459947230562106
0.0029819365514296885,0.5246160839779135,-0.4863196972259705
0.003001577783868614,0.5246048348005714,-0.5266705910241141
0.003035846457690979,0.5246003232427712,-0.5667042264569013
0.0028709917156217847,0.524635388547347,-0.5968408460166035
0.0026341112350636814,0.5246799328156984,-0.624516368544706
0.0026128507461901204,0.5246960931095112,-0.6524182430240412
0.0026160892374788506,0.5246956667384653,-0.6802730876420706
0.001416766751064671,0.5246954139287914,-0.7081264503495308
-0.049124924505089894,0.5184142862974073,-0.7356689919117033
-0.11968331331989818,0.5092642112050555,-0.7356689977232735
-0.13103022844027998,0.49102010772178073,-0.7351386183324103
-0.23805208360389565,0.43796107818351726,-0.7351386019762968
-0.24999970678306244,0.43301222030370556,-0.7334103996680759
-0.2640404153134813,0.4222384229834931,-0.7296616549234664
-0.35355338454246515,0.3535533845424652,-0.7296616549234664
-0.4222384229834931,0.2640404153134813,-0.7296616549234664
-0.43301226667502246,0.24999973240931644,-0.7211264816440318
-0.45169899739653907,0.2048862636215776,-0.6938842142286027
-0.48296253329831235,0.12940943412718592,-0.6938842142286027
-0.4935236363251829,0.04919285181640457,-0.6000000238418579
-0.49615827246093336,0.029180809330266726,-0.5661762226438005
-0.4960805820244869,0.029770926612056985,-0.44999998807907104
-0.49632357000537425,0.027925250189739726,-0.4176315323310513
-0.4963086133524784,0.028038857214687726,-0.3000000119209289
-0.49437115353882777,0.042755321313786517,-0.2504418524954809
-0.49430565120490755,0.04325286079241351,-0.15000000596046453
-0.49436487836500675,0.04280298597738458,-0.049613408057079776
-0.4829629063606262,0.12940953671932223,-0.04985713300216064
-0.44969742743664676,0.20971953406496865,-0.05010403374698008
-0.43301272392272955,0.24999998509883878,-0.026077584113026908
-0.42322097139085435,0.2627608420238368,-0.018484459468203207
-0.3589588630559903,0.3597531897444444,-0.019256519252347584
-0.27679828060746975,0.44344773227991313,-0.019389556713338734
-0.2615989430834647,0.454853995513598,-0.01585962727392871
-0.18388392436356632,0.48703774732452915,-0.01590581896636252
-0.08616430230111564,0.5132973533379,0.010008663512213021
-0.05468054244714152,0.5174498906831435,0.009998383890509516
0.04874513200255389,0.5180320038151403,0.03486898705579347
0.13194941332405075,0.4907783332138379,0.03570881388031348
0.22086833973280315,0.445079442475513,0.036236261140610286
0.2499999850988388,0.4330127239227295,0.04061135493544013
0.2845870735516029,0.40647311040632783,0.05010036852429977
0.3535533845424652,0.3535533845424652,0.0508596796228872
0.39194704665815483,0.303517803323461,0.07247794395365811
0.4330127239227295,0.2499999850988388,0.07336789972565787
0.48022683103721797,0.1360150090909227,0.1417835932310458
0.4829629063606262,0.1294095367193222,0.1418683338568082
0.48388612018245386,0.12239703355977623,0.14187173703689124
0.48389254525901443,0.12234823027215647,0.15000000596046448
0.48390522790149015,0.12225189606622283,0.15829650533636755
0.48953839127152293,0.0794637845836714,0.30000001192092896
0.4889419589970429,0.08399413617759215,0.39735851225610086
0.48899048218596747,0.08362556607216266,0.44999998807907104
0.4829629063606262,0.1294095367193222,0.5823692478091504
0.47868510033372486,0.13973707751471381,0.600000023841858
0.43301247228293743,0.2499998460347432,0.6666602523811916
0.4018671597314482,0.2905890247635794,0.6912053727344301
0.3535533845424652,0.3535533845424652,0.6912053727344301
0.2905890247635794,0.40186715973144815,0.6912053727344301
0.2499997723632425,0.4330123389726029,0.701974609060597
0.2154087652693589,0.4473403752477974,0.70697297136727
0.12940941982442042,0.48296248128825614,0.7069729713672701
0.09358144400199139,0.48767931898070116,0.7084714124647447
3.105306917381997e-17,0.5,0.7084714124647447
-0.09358144400199135,0.48767931898070116,0.7084714124647447
-0.12940941979476228,0.4829624811804083,0.7070001121476552
-0.16788092885488382,0.4670270871991978,0.7021460884863108
-0.2499997720055085,0.43301233832527464,0.7021460884863108
-0.29040101506478544,0.40201142322198125,0.6914777091837152
-0.3535533845424652,0.3535533845424652,0.6914777091837152
-0.40201142322198125,0.29040101506478544,0.6914777091837152
-0.4330124701231872,0.24999984484119697,0.6672323775044335
-0.47940519707617746,0.1379986096090769,0.6000000238418579
-0.48150779831182605,0.1329224794851193,0.5956303449196616
-0.4829629063606262,0.1294095367193222,0.5856310686856855
-0.4892593260134848,0.08158349505316777,0.44999998807907104
-0.4892670748552225,0.08152463677366273,0.3944960891217426
-0.4899527529831341,0.07631639581720287,0.3000000119209289
-0.48481833229357113,0.11531618162708347,0.1663357676162986
-0.48483391121502606,0.11519784800453352,0.15000000596046448
-0.48485753140649795,0.11501843488981474,0.13331912281283573
-0.4829629063606262,0.12940953671932218,0.13327810602411827
-0.46011791675862934,0.1845622389693162,0.06860332453693771
-0.4330127239227295,0.2499999850988388,0.06849831087963529
-0.40755077592486766,0.2831826328807095,0.048065996788200255
-0.3535533845424652,0.3535533845424652,0.047463338930810166
-0.3269118191097077,0.3739961821784369,0.03859105538959375
-0.2499999850988388,0.4330127239227295,0.03849805500586675
-0.22235272666800338,0.44446458948161466,0.03438986242396472
-0.12940953671932218,0.48296290636062617,0.03433817906516897
-0.05316255673009247,0.49300101460772894,0.034308785662290106
0.0460344094781799,0.4939394532675433,0.05907954400650574
0.0511716015924526,0.4932631288998566,0.05931356172398926
0.1294095367193222,0.4829629063606262,0.060101885234911084
0.20134836564460398,0.4531648777648819,0.06051675987765083
0.2499999850988388,0.4330127239227295,0.0678234325941464
0.3077625262904086,0.38868995529642214,0.0836706623788227
0.3535533845424652,0.3535533845424652,0.08417481442617869
0.4170964388379793,0.27074248610494633,0.11995391098658695
0.4330127239227295,0.2499999850988388,0.12029884112590263
0.45350968750044496,0.20051592102503002,0.15000000596046448
0.46896209707370146,0.16321049173456192,0.1920443264011583
0.48238282110506014,0.1308099868809215,0.30000001192092896
0.47969703745111975,0.13729404438124648,0.4401926113158196
0.4792552153041141,0.13836069775889234,0.44999998807907104
0.45985572092854987,0.18519523591085568,0.5193906984232863
0.44029724786642765,0.23241358269292034,0.6000000238418579
0.4330126837873953,0.24999996291878568,0.6106320090601762
0.38092877711002116,0.31787672586759363,0.6516784989854107
0.3535533845424652,0.3535533845424652,0.651678498985411
0.3178767258675936,0.38092877711002116,0.6516784989854109
0.24999983971888004,0.43301246085423273,0.6696877547561273
0.19215374225635598,0.4569730521308029,0.678046451927333
0.12940945143393223,0.4829625962319355,0.6780464519273331
0.0694947870333213,0.4908505034018984,0.6805522757540612
3.082231830164893e-17,0.5,0.6805522757540611
-0.06949478703332128,0.4908505034018984,0.6805522757540612
-0.12940945138433535,0.48296259605158304,0.6780918391062353
-0.1937448625096063,0.4563140411008999,0.669974517600173
-0.24999983912064608,0.43301245977171404,0.6699745176001731
-0.3175623196599102,0.38117002709476455,0.6521339237362771
-0.3535533845424652,0.3535533845424652,0.6521339237362771
-0.3811700270947646,0.3175623196599102,0.6521339237362772
-0.4330126801756727,0.2499999609228337,0.6115887665650962
-0.44100932684352406,0.23069447139164653,0.6000000238418578
-0.46580383394901637,0.17083521596414375,0.5484714537791194
-0.4801335333156985,0.1362402497911905,0.449999988079071
-0.4829629063606262,0.12940953671932223,0.3334117905095789
-0.4832053473853915,0.1275680148400195,0.30000001192092896
-0.4829629063606262,0.1294095367193222,0.2936885508383638
-0.47026064014011937,0.16007553039955286,0.1881448117608508
-0.4564126484972299,0.19350755086210228,0.1500000059604644
-0.44436781482114346,0.22258636144426294,0.11590075708261732
-0.43301272392272944,0.2499999850988388,0.1158567640503056
-0.3899468604938774,0.3061244959847202,0.08129792949958535
-0.3535533845424652,0.3535533845424652,0.08089174665114868
-0.30814817686168666,0.3883940351258626,0.06577071790347777
-0.24999998509883878,0.4330127239227295,0.06570040617295499
-0.20281744280682618,0.4525563662844584,0.05868940467621558
-0.1294095367193222,0.4829629063606262,0.05864858439502188
-0.053149813471383416,0.49300269229004967,0.05861918607958448
0.04600302794239086,0.4939435847263008,0.08271802437447869
0.07240078323477414,0.49046825330802163,0.08392053779091285
0.1294095367193222,0.48296290636062617,0.0844949565895089
0.1818283915564048,0.46125031305425085,0.08479725861469117
0.24999998509883875,0.4330127239227295,0.09503551025285266
0.3309379790292143,0.3709068001865164,0.11724095623334563
0.3535533845424652,0.3535533845424652,0.11748994922947005
0.4112906808579273,0.2783086951858473,0.15000000596046448
0.4330127239227295,0.2499999850988388,0.1823524295057264
0.4535665300542696,0.2003786909145839,0.23827709336954145
0.4612397364472437,0.18185392575305995,0.30000001192092896
0.4597041581687985,0.18556114090387088,0.38015416362027077
0.45655760503163395,0.19315759471327226,0.4499999880790711
0.4330127239227295,0.24999998509883878,0.5342184730296333
0.41582691571186203,0.27239696041101386,0.5675573699468169
0.37540956611974613,0.3250698617893583,0.6000000238418579
0.35999039448859405,0.3451644269716078,0.6121516252363917
0.3535533845424652,0.3535533845424652,0.6121516252363917
0.3451644269716078,0.35999039448859405,0.6121516252363917
0.24999990707451764,0.4330125827358626,0.6374009004516575
0.1688987192433531,0.4666057290138085,0.6491199324873962
0.12940948304344405,0.48296271117561484,0.6491199324873962
0.04540813006465124,0.4940216878230956,0.6526331390433775
3.0644197289566386e-17,0.5,0.6526331390433776
-0.04540813006465121,0.49402168782309563,0.6526331390433777
-0.1294094829739083,0.4829627109227576,0.6491835660648151
-0.21960879616432885,0.44560099500260203,0.6378029467140354
-0.24999990623578366,0.43301258121815345,0.6378029467140354
-0.344723624255035,0.36032863096754786,0.6127901382888391
-0.3535533845424652,0.3535533845424652,0.6127901382888392
-0.3603286309675478,0.34472362425503494,0.6127901382888391
-0.37668258079540207,0.3234108372085607,0.6000000238418579
-0.4330127239227295,0.2499999850988388,0.5368234997484207
-0.4500998695862066,0.20874795244316818,0.5013125626385774
-0.4575669440523058,0.19072083394225625,0.44999998807907104
-0.4594970380737755,0.186061173214229,0.3704678162764784
-0.46258228276730134,0.17861273113065143,0.3000000119209289
-0.4547324915352463,0.1975638099487528,0.23477572019010165
-0.4330127239227295,0.24999998509883883,0.17494781597307532
-0.41654444625285203,0.27146185665475736,0.15000000596046448
-0.37234294506288707,0.32906635908873094,0.11452986221097054
-0.3535533845424652,0.3535533845424652,0.11432015437148711
-0.28938453461366553,0.4027918880732883,0.09295038041736174
-0.2499999850988388,0.4330127239227295,0.0929027573400434
-0.18328215894564898,0.4606481430873022,0.08298894692846664
-0.1294095367193222,0.48296290636062617,0.08295898972487456
-0.07155198413432712,0.4905799998618069,0.0829366854925892
-0.05314800640995345,0.49300293019426894,0.08234143022677001
0.04598537699640886,0.493945908518095,0.10635713022057579
0.09362996487709567,0.4876733777161867,0.10852751385783643
0.1294095367193222,0.4829629063606262,0.10888802794410675
0.16230841746820568,0.4693357483436197,0.1090777573517317
0.2499999850988388,0.43301272392272944,0.12224758791155912
0.3511564782207886,0.35539259594354033,0.15000000596046445
0.3535533845424652,0.3535533845424652,0.15153134880447214
0.3588989031372318,0.3465869709453408,0.16009105161136641
0.4330127239227295,0.2499999850988388,0.2704748545279215
0.43817096303483777,0.23754689009460586,0.28450986033792464
0.44009665178942714,0.23289786462519835,0.30000001192092896
0.4397112788864774,0.23382823742649517,0.32011571592472193
0.43385999475915377,0.24795449166765213,0.44999998807907104
0.43301272392272944,0.2499999850988388,0.4530306199117994
0.39461612248021494,0.3000393969221139,0.5275165167492082
0.35355338454246515,0.35355338454246515,0.5604772182385769
0.3359591003627302,0.3670539572450683,0.5745142042515737
0.26927472482518766,0.4182226919816151,0.6000000238418579
0.2499999744301552,0.43301270461749247,0.6051140461471877
0.14564369623035017,0.47623840589681393,0.6201934130474593
0.12940951465295586,0.4829628261192941,0.6201934130474592
0.021321473095981223,0.4971928722442928,0.624714002332694
3.041344641739535e-17,0.5,0.624714002332694
-0.021321473095981182,0.49719287224429287,0.6247140023326941
-0.12940951456348135,0.48296282579393224,0.6202752930233952
-0.2454727298190513,0.4348879489043042,0.6056313758278977
-0.2499999733509212,0.4330127026645929,0.6056313758278977
-0.27132595116696906,0.41664873022938814,0.6000000238418579
-0.336474685541841,0.3666583347165322,0.5752610440049852
-0.35355338454246527,0.35355338454246527,0.5616804663879432
-0.42384008052996786,0.2619540035013692,0.4673157227388947
-0.4330127239227295,0.24999998509883878,0.45702823376530144
-0.4343959052233969,0.24666068892219262,0.45415367149803526
-0.435000354788913,0.2452014180933219,0.44999998807907104
-0.435156593286062,0.2448242248678766,0.44356196648053403
-0.4414420702148225,0.22964973612480277,0.3000000119209289
-0.43920434293037325,0.23505208949795264,0.28140662861935245
-0.4330127239227295,0.2499999850988388,0.2643515847742169
-0.3575282003937372,0.34837330506065844,0.15000000596046442
-0.3547390296318969,0.35200822219274164,0.14776179492235564
-0.3535533845424652,0.35355338454246527,0.14774856209182569
-0.27062089236564457,0.41718974102071404,0.1201300429312456
-0.24999998509883883,0.4330127239227295,0.12010510850713164
-0.16374687508447178,0.46873991989014596,0.10728848918071746
-0.1294095367193222,0.4829629063606262,0.10726939505472724
-0.09253228296798069,0.48781789032279926,0.10725517878049931
-0.05314800640995348,0.4930029301942689,0.10598134013742189
0.04597406285365167,0.49394739805367704,0.12999652473102347
0.11485914651941723,0.4848785021243517,0.13313448992475974
0.1294095367193222,0.4829629063606263,0.13328109929870435
0.14278844338000646,0.4774211836329887,0.13335825608877203
0.2499999850988388,0.43301272392272955,0.14945966557026538
0.2519695049752101,0.4315014577633028,0.1500000059604645
0.3535533845424652,0.3535533845424652,0.21490022572918954
0.4066980438561285,0.28429393465116526,0.300000011920929
0.4000081091123866,0.293012425015843,0.3623047261719226
0.39272359802163076,0.30250578215442403,0.4499999880790711
0.37340532924856795,0.327681833433214,0.4874756635515995
0.3535533845424652,0.3535533845424652,0.5034106463682169
0.3105548946813644,0.3865472950955615,0.5377154918847766
0.24999998509883878,0.43301272392272955,0.5608587167929466
0.22554636782732154,0.4431417404442922,0.5695826606547405
0.1294095367193222,0.4829629063606262,0.5874574619517543
0.11949214068485577,0.48426855669507124,0.5885046596086161
3.121303544182733e-17,0.5,0.5954109075102579
-0.11959149985323185,0.48425547580861983,0.5886198279276412
-0.1294095367193222,0.4829629063606262,0.5875941185710815
-0.2259537430074372,0.4429730001763781,0.570089386456057
-0.24999998509883875,0.43301272392272955,0.5618340503628719
-0.31116968461784916,0.3860755500589603,0.5386060325425898
-0.35355338454246527,0.3535533845424652,0.5049035165311169
-0.3944477637748413,0.30025880619990736,0.44999998807907104
-0.40196207627381353,0.29046596611566716,0.39138389029423215
-0.409395933115392,0.2807779778574372,0.30000001192092896
-0.3535533845424652,0.3535533845424652,0.2094206403868411
-0.25993564581813444,0.4253888212666756,0.15000000596046448
-0.2518572501176235,0.4315875939681398,0.14730970544512964
-0.24999998509883883,0.4330127239227295,0.14730745967421988
-0.1442115912232946,0.47683169669298975,0.13158803143296854
-0.1294095367193222,0.4829629063606263,0.13157980038457995
-0.11351258180163433,0.48505578078379163,0.13157367206840917
-0.05314800640995347,0.49300293019426894,0.12962125004807357
0.04588405755882043,0.49395924747895864,0.15711177765261747
0.1294095367193222,0.48296290636062617,0.16456140556997081
0.21974254974504492,0.44554575980023425,0.1876366143685676
0.2499999850988388,0.4330127239227295,0.20104139347295108
0.326713338655538,0.3741484816283144,0.2611214520218893
0.3535533845424652,0.3535533845424652,0.27826910265390686
0.36712429724687484,0.3358674315122119,0.3000000119209289
0.35355338454246515,0.35355338454246515,0.42638866451045976
0.35017617586828587,0.35614480859654163,0.44510800748423063
0.3489709775766909,0.3570695900193329,0.44999998807907104
0.28515068899999857,0.4060406329460547,0.5009167795179794
0.2499999850988388,0.4330127239227295,0.5143508784485769
0.19649049400129806,0.4551770734081003,0.5334406430108053
0.1294095367193222,0.4829629063606262,0.5459130614212039
0.08664300853099682,0.48859322823524765,0.5504288645569548
2.9932973759313564e-17,0.5,0.5554365419860274
-0.08671505324643913,0.48858374336578336,0.5505123723892741
-0.1294095367193222,0.4829629063606263,0.5460519968815323
-0.19680532547174376,0.4550466659869713,0.5338322555511076
-0.2499999850988388,0.4330127239227295,0.515569951116384
-0.28586468369385726,0.4054927654013884,0.5019510210801944
-0.3511974022583668,0.3553611938166357,0.44999998807907104
-0.3535533845424652,0.3535533845424652,0.43911503671185537
-0.3679123834598932,0.33484037783860715,0.3271063220421524
-0.3701174160381939,0.33196672420458634,0.30000001192092896
-0.35355338454246527,0.35355338454246527,0.27313233483067995
-0.3205388064222821,0.3788863681184992,0.252177468755597
-0.24999998509883878,0.4330127239227295,0.19733647317273345
-0.14271208298933144,0.477452813131813,0.16654677269534696
-0.1294095367193222,0.4829629063606262,0.1614868798501394
-0.12043124642106062,0.4841449210437074,0.16040684020464377
-0.05308037079829238,0.4930118345940407,0.15623751311861983
0.04583894837330329,0.49396518621761065,0.2033867247319549
0.04608208207876434,0.4939331770487979,0.20341425008589908
0.12940953671932223,0.4829629063606262,0.21084621621900498
0.18887213165747185,0.45833270135430804,0.22603569953130714
0.24999998509883886,0.43301272392272955,0.2531168239863548
0.30986288568107756,0.3870782924196805,0.30000001192092896
0.29746001689872403,0.396595350914727,0.3687471865834371
0.2774424114214821,0.41195540394767755,0.44999998807907104
0.25974648331863276,0.42553397079654787,0.46411806715118226
0.24999998509883883,0.4330127239227295,0.4678430401042071
0.16743462017527458,0.4672124063719083,0.4972986253668701
0.1294095367193222,0.4829629063606262,0.5043686608906535
0.053793876377137846,0.49291789977542394,0.5123530695052934
3.057984825435877e-17,0.5,0.5154621764617969
-0.053838606639646465,0.49291201092294684,0.512404916850907
-0.1294095367193222,0.48296290636062617,0.5045098751919833
-0.16765690793605031,0.46712033179756457,0.4975751246461584
-0.2499999850988388,0.4330127239227295,0.4693058518698958
-0.2605596827698654,0.4249099807438166,0.46529600961779893
-0.27979569431028617,0.4101496659929226,0.449999988079071
-0.2934039180415442,0.399707705867671,0.38712818530334736
-0.31447531310316135,0.38353905143032296,0.3000000119209289
-0.2499999850988388,0.4330127239227295,0.2498731298445256
-0.19761519413172915,0.4547112075169133,0.23483963593016485
-0.1294095367193222,0.4829629063606262,0.20889623299521198
-0.08337547829150352,0.48902340687641277,0.20335858534811607
-0.0530803707982924,0.49301183459404063,0.20148317970449958
0.045763541613773516,0.4939751137087038,0.24862385446054494
0.08934210740397852,0.4882378850247958,0.25355741743766874
0.1294095367193222,0.4829629063606262,0.25713102686803907
0.15800171356989873,0.4711196429083817,0.2644347846940466
0.23827999009207487,0.43786730317528116,0.3000000119209289
0.2018165020737531,0.452970969372003,0.39006554549176936
0.16965126611061007,0.46629424187083784,0.449999988079071
0.13837874634925107,0.47924773933571624,0.4611566077229349
0.1294095367193222,0.4829629063606262,0.46282426036010305
0.020944744223278865,0.4972425713156003,0.47427727445363205
3.06771471134764e-17,0.5,0.4754878109375664
-0.0209621600328538,0.4972402784801103,0.4742974613125399
-0.1294095367193222,0.48296290636062617,0.46296775350243397
-0.13850849040035684,0.4791939976081578,0.46131799374120913
-0.17147571318469645,0.46553853140269125,0.44999998807907104
-0.20328965563751178,0.4523607693913444,0.39189797088209266
-0.24428294184272367,0.4353807999808728,0.300000011920929
-0.12940953671932223,0.4829629063606263,0.2563055861402843
-0.053049178861371574,0.4930159410916265,0.24711984909112739
0.045754721061515846,0.49397627495677393,0.2938685224649142
0.09991466953888622,0.48684598041199134,0.30000001192092896
0.0001665322707932006,0.5082377204698855,0.36123490818528425
-0.10018484644994204,0.5116471001922972,0.30000001192092896
-0.05595327144587163,0.517659600185949,0.29450622368408585
-0.007112043066683758,0.5240790835640626,0.30574116831085363
-0.008677170116145608,0.5238624423976491,0.25956836114722337
-0.009098293784733405,0.5237964122192611,0.21418480799754536
-0.006253402662620837,0.5241622859896935,0.1699240163256775
-0.005814749334857119,0.5242113724532531,0.1432955338521372
-0.005736030754916969,0.5242130725946129,0.11965920068354112
-0.005727288665359131,0.5242142235128696,0.09602487076972802
-0.0058913761169951855,0.5241926209838023,0.07237066773524986
-0.006221710963764948,0.5241491315636293,0.04883695379242632
-0.004193317185027498,0.5240754854604514,0.02538983458605231
0.04954047920425509,0.518125258647413,0.010475948856818358
0.1370291665335079,0.5064091869202614,0.011315742525715647
0.24405317462362075,0.4443472378382101,0.01195576240356999
0.2499999850988388,0.4330127239227295,0.013399277276733693
0.26141162081279723,0.42425626551623363,0.016530074669776854
0.3535533845424652,0.3535533845424652,0.017544544819596008
0.36679765447833046,0.3362931205419756,0.025001976920729405
0.4330127239227295,0.2499999850988388,0.02643695832541309
0.45002557813860145,0.20892730792377356,0.05108946773033539
0.4829629063606262,0.1294095367193222,0.052109589428226494
0.49407670736182385,0.04499186142804577,0.05215055747411215
0.494154053498356,0.04440435936299168,0.1500000059604644
0.4943067292505084,0.04324467222547116,0.2498746405145845
0.4962993715846415,0.028109055390477165,0.3000000119209289
0.496088393112777,0.02971159552318088,0.33443903962383903
0.49619491341158206,0.028902493759033653,0.44999998807907104
0.49364851190149306,0.04824432791790935,0.5059205260586921
0.4938138796505688,0.04698823552039221,0.6000000238418579
0.4829625214651011,0.1294094308730528,0.6968621388647063
0.4507073334716381,0.2072803195703887,0.6968621388647065
0.4330122607784796,0.24999972915070073,0.722688495702207
0.42280554235287526,0.26330132365956527,0.7307322464834491
0.35355338454246515,0.3535533845424652,0.7307322464834491
0.2633013236595653,0.42280554235287526,0.7307322464834491
0.24999970500760493,0.433012217090973,0.7342614633650669
0.2386637882823618,0.43770769836479195,0.7358994908072068
0.1294093882149086,0.48296236634457684,0.735899490807207
0.11766810097066141,0.484508134559504,0.7363905491754282
